2.000000000000000000e+00 2.717000000000000082e+00 4.000000000000003553e-03 -2.000000000000000000e+00 0.000000000000000000e+00 7.655000000000000693e-01 2.250000000000001998e-02 -2.000000000000000000e+00 -7.436228892218802192e-15 9.525999999999999801e+00 1.699999999999945999e-02 -2.000000000000000000e+00 0.000000000000000000e+00 1.161042524005488849e-05 1.600000000000002977e-05 3.673611111111095930e-04 5.062499999999987800e-04 2.097133058984776801e-04 2.889999999999816544e-04
2.000000000000000000e+00 2.807500000000000107e+00 8.749999999999991118e-02 -2.000000000000000000e+00 0.000000000000000000e+00 6.839999999999999414e-01 3.399999999999997469e-02 -1.999999999999999778e+00 4.913584163799637398e-15 9.307500000000000995e+00 3.499999999999836575e-03 -2.000000000000000000e+00 -7.612955561830214500e-13 5.555769890260617294e-03 7.656249999999986851e-03 8.388532235939596179e-04 1.155999999999995139e-03 8.889231824410880208e-06 1.224999999999356215e-05
2.000000000000000000e+00 2.801499999999999879e+00 6.850000000000000533e-02 -2.000000000000000000e+00 9.782200421981618793e-15 7.039999999999999591e-01 3.000000000000002665e-03 -2.000000000000000000e+00 0.000000000000000000e+00 9.584500000000000242e+00 7.949999999999945999e-02 -2.000000000000000000e+00 0.000000000000000000e+00 3.404938614540492427e-03 4.692250000000027128e-03 6.530864197530873719e-06 9.000000000000017169e-06 4.586299382715985917e-03 6.320249999999914478e-03
2.000000000000000000e+00 2.912499999999999645e+00 3.150000000000008349e-02 -2.000000000000000000e+00 2.113796842540319085e-14 6.824999999999999956e-01 6.950000000000000622e-02 -2.000000000000000000e+00 0.000000000000000000e+00 9.386499999999999844e+00 3.500000000000724754e-03 -2.000000000000000000e+00 0.000000000000000000e+00 7.200277777777933791e-04 9.922500000000174236e-04 3.505078532235939362e-03 4.830250000000001209e-03 8.889231824420688850e-06 1.225000000000507503e-05
2.000000000000000000e+00 2.797500000000000320e+00 5.249999999999999112e-02 -2.000000000000000000e+00 -1.273741457363383530e-14 5.914999999999999147e-01 1.050000000000000933e-02 -2.000000000000000000e+00 1.582298886459276138e-14 9.406499999999999417e+00 7.500000000000284217e-03 -2.000000000000000000e+00 0.000000000000000000e+00 2.000077160493806024e-03 2.756249999999979636e-03 8.000308641975221330e-05 1.102499999999991968e-04 4.081790123457098592e-05 5.625000000000427428e-05
2.000000000000000000e+00 3.444499999999999673e+00 1.205000000000000515e-01 -2.000000000000000000e+00 5.576884393954916294e-15 -1.949999999999999997e-02 1.250000000000000069e-02 -2.000000000000000000e+00 0.000000000000000000e+00 9.287499999999999645e+00 1.585000000000000853e-01 -2.000000000000000000e+00 0.000000000000000000e+00 1.053664231824412954e-02 1.452024999999996895e-02 1.133830589849108228e-04 1.562500000000000304e-04 1.823000034293554075e-02 2.512225000000003344e-02
2.000000000000000000e+00 5.495499999999999829e+00 1.456500000000000128e+00 -2.000000000000000000e+00 0.000000000000000000e+00 8.565000000000000391e-01 2.865000000000000324e-01 -2.000000000000000000e+00 -5.901281938545243820e-16 9.344500000000000028e+00 2.795500000000000096e+00 -2.000000000000000000e+00 4.878687190055110724e-16 1.539391632716049285e+00 2.121392250000000423e+00 5.956311419753082537e-02 8.208225000000000937e-02 5.670836642318242582e+00 7.814820249999998580e+00
2.000000000000000000e+00 -9.559999999999999609e-01 1.799999999999999378e-01 -2.000000000000000000e+00 0.000000000000000000e+00 1.311999999999999833e+00 7.499999999999998890e-01 -2.000000000000000000e+00 4.605369583630281685e-16 -1.027500000000000080e+00 5.425000000000000933e-01 -2.000000000000000000e+00 2.607607791129881617e-16 2.351111111111109375e-02 3.239999999999997743e-02 4.081790123456789376e-01 5.625000000000001110e-01 2.135637945816185879e-01 2.943062499999999915e-01
2.000000000000000000e+00 2.922400000000000020e+01 1.369599999999999973e+01 -2.000000000000000000e+00 1.770063863040733096e-16 -6.904999999999999361e+00 2.775999999999999801e+00 -2.000000000000000000e+00 0.000000000000000000e+00 1.044800000000000040e+01 7.059000000000001052e+00 -2.000000000000000000e+00 0.000000000000000000e+00 1.361180247791494651e+02 1.875804160000000138e+02 5.591998770919065720e+00 7.706175999999998361e+00 3.615884149382716828e+01 4.982948100000001546e+01
2.000000000000000000e+00 -7.135500000000000398e+00 2.905000000000002025e-01 -1.999999999999999778e+00 4.528681933747482652e-15 -1.459500000000000020e+00 3.753499999999999837e+00 -2.000000000000000000e+00 0.000000000000000000e+00 -2.602500000000000036e+00 5.705000000000000071e-01 -2.000000000000000000e+00 0.000000000000000000e+00 6.123791803840907683e-02 8.439025000000033305e-02 1.022353255178326137e+01 1.408876224999999494e+01 2.361780003429355124e-01 3.254702499999999610e-01
2.000000000000000000e+00 5.629500000000000171e+00 1.717500000000000249e+00 -2.000000000000000000e+00 0.000000000000000000e+00 -3.640500000000000291e+00 2.118500000000000050e+00 -2.000000000000000000e+00 0.000000000000000000e+00 -3.092499999999999805e+00 9.544999999999999041e-01 -2.000000000000000000e+00 0.000000000000000000e+00 2.140531558641975085e+00 2.949806250000001295e+00 3.256754938614540240e+00 4.488042250000000344e+00 6.611195641289434599e-01 9.110702499999997483e-01
2.000000000000000000e+00 2.425750000000000028e+01 6.926500000000000767e+00 -2.000000000000000000e+00 0.000000000000000000e+00 -1.322449999999999903e+01 5.650000000000066080e-02 -2.000000000000000000e+00 -4.718832767140502929e-14 -5.725500000000000256e+00 3.925000000000000711e-01 -2.000000000000000000e+00 0.000000000000000000e+00 3.481415197565157627e+01 4.797640225000001379e+01 2.316461248285461762e-03 3.192250000000159803e-03 1.117911608367626874e-01 1.540562500000000890e-01
2.000000000000000000e+00 1.561299999999999955e+01 4.812999999999998835e+00 -2.000000000000000000e+00 0.000000000000000000e+00 -9.031499999999999417e+00 1.273499999999999854e+00 -2.000000000000000000e+00 -9.675777813181238995e-16 -2.232499999999999929e+00 2.040499999999999758e+00 -2.000000000000000000e+00 0.000000000000000000e+00 1.680969629766802953e+01 2.316496899999998860e+01 1.176863361111111672e+00 1.621802250000000667e+00 3.021352115569271746e+00 4.163640249999998488e+00
2.000000000000000000e+00 -1.094149999999999956e+01 3.397500000000000409e+00 -2.000000000000000000e+00 -4.529516189389417503e-16 -3.670000000000001039e-01 2.232000000000000206e+00 -2.000000000000000000e+00 0.000000000000000000e+00 -6.730999999999999872e+00 1.342999999999999972e+00 -2.000000000000000000e+00 0.000000000000000000e+00 8.376200694444445816e+00 1.154300625000000657e+01 3.615068444444444751e+00 4.981824000000000474e+00 1.308820742112482893e+00 1.803648999999999836e+00
2.000000000000000000e+00 7.948000000000000398e+00 1.439000000000000057e+00 -2.000000000000000000e+00 0.000000000000000000e+00 -8.107499999999999929e+00 1.736499999999999488e+00 -2.000000000000000000e+00 0.000000000000000000e+00 -3.845500000000000362e+00 1.274499999999999966e+00 -2.000000000000000000e+00 4.290231204906785809e-16 1.502621960219478359e+00 2.070721000000000256e+00 2.188153169067213355e+00 3.015432249999998593e+00 1.178712321330589230e+00 1.624350249999999551e+00
2.000000000000000000e+00 2.843299999999999983e+01 8.240999999999999659e+00 -2.000000000000000000e+00 0.000000000000000000e+00 -8.566000000000000725e+00 3.968000000000000416e+00 -2.000000000000000000e+00 3.411901368551442265e-16 -3.414499999999999869e+00 2.542499999999999982e+00 -2.000000000000000000e+00 0.000000000000000000e+00 4.928196001234566381e+01 6.791408099999999592e+01 1.142540150342935767e+01 1.574502400000000968e+01 4.690834027777776249e+00 6.464306250000000809e+00
2.000000000000000000e+00 8.852999999999999758e+00 5.248999999999999666e+00 -2.000000000000000000e+00 1.965262090658019279e-16 -9.870999999999998664e+00 4.999999999999893419e-03 -1.999999999999999778e+00 -5.328896029413958301e-13 -2.292499999999999982e+00 1.875000000000000000e-01 -2.000000000000000000e+00 0.000000000000000000e+00 1.999315298902605420e+01 2.755200099999999708e+01 1.814128943757739522e-05 2.499999999999136824e-05 2.551118827160493360e-02 3.515625000000000694e-02
2.000000000000000000e+00 -8.074500000000000455e+00 9.808500000000000441e+00 -2.000000000000000000e+00 3.011912881273392527e-16 -6.407000000000000028e+00 4.583000000000000185e+00 -2.000000000000000000e+00 0.000000000000000000e+00 -1.996999999999999886e+00 5.630000000000000560e-01 -2.000000000000000000e+00 -5.443686398382497481e-16 6.981252348456790457e+01 9.620667224999999689e+01 1.524150518655692466e+01 2.100388900000000092e+01 2.300090548696843706e-01 3.169690000000000007e-01
2.000000000000000000e+00 2.277400000000000091e+01 6.551999999999999602e+00 -2.000000000000000000e+00 0.000000000000000000e+00 -7.219999999999999751e+00 1.463000000000000078e+00 -2.000000000000000000e+00 0.000000000000000000e+00 -8.032499999999998863e+00 2.637500000000000178e+00 -1.999999999999999778e+00 -1.064989908857347396e-15 3.115128177777777196e+01 4.292870399999998909e+01 1.553162141289437637e+00 2.140369000000000188e+00 5.047927169067217612e+00 6.956406250000005898e+00
2.000000000000000000e+00 2.322149999999999892e+01 2.367499999999999716e+00 -2.000000000000000000e+00 0.000000000000000000e+00 -7.918499999999999872e+00 1.715500000000000025e+00 -2.000000000000000000e+00 -7.916633930700948965e-16 -3.264999999999999680e+00 5.709999999999999520e-01 -1.999999999999999778e+00 -1.192701871549840205e-15 4.067317909807954379e+00 5.605056249999998741e+00 2.135549234910837590e+00 2.942940250000001701e+00 2.365921659807952993e-01 3.260409999999997477e-01
2.000000000000000000e+00 -1.707799999999999940e+01 9.599000000000000199e+00 -2.000000000000000000e+00 0.000000000000000000e+00 -8.132500000000000284e+00 4.684499999999999886e+00 -2.000000000000000000e+00 0.000000000000000000e+00 -3.019499999999999851e+00 4.864999999999999325e-01 -2.000000000000000000e+00 0.000000000000000000e+00 6.686211759807956412e+01 9.214080099999999618e+01 1.592409024999999723e+01 2.194454024999999930e+01 1.717488480795609507e-01 2.366822499999999552e-01
2.000000000000000000e+00 6.355500000000000149e+00 2.984499999999999709e+00 -2.000000000000000000e+00 -2.672855337281047377e-16 -1.068250000000000099e+01 2.244999999999999218e-01 -2.000000000000000000e+00 1.180516183100952027e-14 -1.662499999999999867e+00 1.253499999999999837e+00 -1.999999999999999778e+00 -2.818429781536859571e-16 6.463552938614538057e+00 8.907240249999999193e+00 3.657302091906683428e-02 5.040024999999963284e-02 1.140188930384087529e+00 1.571262250000000193e+00
2.000000000000000000e+00 3.095049999999999812e+01 5.195500000000000895e+00 -1.999999999999999778e+00 1.013300255091637900e-15 -1.176849999999999952e+01 3.761499999999999844e+00 -2.000000000000000000e+00 0.000000000000000000e+00 -9.644000000000000128e+00 1.855999999999999872e+00 -2.000000000000000000e+00 0.000000000000000000e+00 1.958767285631000021e+01 2.699322024999999670e+01 1.026715872462276913e+01 1.414888225000000155e+01 2.499678112482852210e+00 3.444735999999999798e+00
2.000000000000000000e+00 9.878000000000000114e+00 5.490000000000000213e+00 -2.000000000000000000e+00 0.000000000000000000e+00 -1.299150000000000027e+01 1.229499999999999815e+00 -2.000000000000000000e+00 0.000000000000000000e+00 -3.056499999999999773e+00 9.614999999999997993e-01 -2.000000000000000000e+00 -6.869498824931577869e-16 2.187121111111110849e+01 3.014010000000000389e+01 1.096945901577503157e+00 1.511670249999999438e+00 6.708520030864189021e-01 9.244822499999993948e-01
2.000000000000000000e+00 -1.260950000000000060e+01 7.646500000000000519e+00 -2.000000000000000000e+00 1.907143496352852252e-16 -6.036499999999999311e+00 4.413499999999999091e+00 -1.999999999999999778e+00 -4.132480523052325750e-16 -3.029500000000000082e+00 7.595000000000000639e-01 -2.000000000000000000e+00 0.000000000000000000e+00 4.242809469170095582e+01 5.846896225000001124e+01 1.413495419787379603e+01 1.947898225000000139e+01 4.185850373799725466e-01 5.768402500000001654e-01
2.000000000000000000e+00 2.905150000000000077e+01 1.366450000000000031e+01 -2.000000000000000000e+00 0.000000000000000000e+00 -9.888999999999999346e+00 3.579999999999996518e-01 -2.000000000000000000e+00 -7.485940417894408995e-15 -8.169999999999999929e+00 2.929999999999997051e-01 -2.000000000000000000e+00 4.620640681646340831e-15 1.354926177945816050e+02 1.867185602500000243e+02 9.300240877914985049e-02 1.281640000000003332e-01 6.229646227709154799e-02 8.584899999999960618e-02
2.000000000000000000e+00 1.800600000000000023e+01 3.547000000000000597e+00 -2.000000000000000000e+00 0.000000000000000000e+00 -6.308500000000000441e+00 2.190500000000000114e+00 -2.000000000000000000e+00 0.000000000000000000e+00 -3.053500000000000103e+00 1.210500000000000131e+00 -2.000000000000000000e+00 0.000000000000000000e+00 9.129574157750342422e+00 1.258120900000000653e+01 3.481886889231824433e+00 4.798290249999999979e+00 1.063304694444444420e+00 1.465310250000000369e+00
2.000000000000000000e+00 -1.616799999999999926e+01 7.254999999999999005e+00 -2.000000000000000000e+00 0.000000000000000000e+00 -6.058499999999999552e+00 3.291499999999999648e+00 -2.000000000000000000e+00 -1.992547235019290765e-16 -1.082999999999999963e+00 9.609999999999999654e-01 -2.000000000000000000e+00 -1.876425498383633989e-16 3.819468892318241870e+01 5.263502499999999884e+01 7.861689053840875019e+00 1.083397224999999864e+01 6.701544705075443975e-01 9.235210000000001473e-01
2.000000000000000000e+00 1.454899999999999949e+01 3.770999999999999908e+00 -2.000000000000000000e+00 7.287579341779730257e-16 -9.820000000000000284e+00 1.685999999999999943e+00 -2.000000000000000000e+00 0.000000000000000000e+00 -5.729499999999999815e+00 1.255000000000001670e-01 -2.000000000000000000e+00 -1.053125974499315891e-14 1.031908544444444864e+01 1.422044100000000633e+01 2.062734271604937941e+00 2.842595999999999901e+00 1.142919375857350851e-02 1.575025000000013914e-02
2.000000000000000000e+00 3.191450000000000031e+01 1.265499999999999403e+00 -2.000000000000000000e+00 0.000000000000000000e+00 -9.012999999999999901e+00 3.330000000000001847e-01 -2.000000000000000000e+00 0.000000000000000000e+00 3.658500000000000085e+00 2.843500000000000139e+00 -2.000000000000000000e+00 -3.090512510913123304e-16 1.162123926268860297e+00 1.601490249999998561e+00 8.046677777777784535e-02 1.108890000000001541e-01 5.867250206104251298e+00 8.085492250000001491e+00
2.000000000000000000e+00 4.560500000000000220e+00 2.660500000000000309e+00 -2.000000000000000000e+00 -1.886559115238033053e-16 -1.129100000000000037e+01 8.399999999999998579e-01 -2.000000000000000000e+00 0.000000000000000000e+00 -3.704499999999999904e+00 1.595499999999999918e+00 -2.000000000000000000e+00 0.000000000000000000e+00 5.136350716392318105e+00 7.078260250000002252e+00 5.120197530864194491e-01 7.055999999999997829e-01 1.847233350137173380e+00 2.545620250000000251e+00
2.000000000000000000e+00 -9.407999999999999474e+00 6.089000000000000412e+00 -2.000000000000000000e+00 -2.517921977870771271e-16 -1.954999999999997851e-01 3.318500000000000227e+00 -2.000000000000000000e+00 0.000000000000000000e+00 -6.335499999999999687e+00 9.674999999999998046e-01 -1.999999999999999778e+00 -1.348497028811295739e-15 2.690420056104251856e+01 3.707592099999999391e+01 7.991196090877915381e+00 1.101244225000000121e+01 6.792506944444431927e-01 9.360562499999990349e-01
2.000000000000000000e+00 2.343599999999999994e+01 7.630000000000016769e-01 -2.000000000000000000e+00 0.000000000000000000e+00 -5.676000000000000156e+00 1.631000000000000227e+00 -2.000000000000000000e+00 0.000000000000000000e+00 1.340700000000000003e+01 5.294000000000000483e+00 -2.000000000000000000e+00 0.000000000000000000e+00 4.224518532235956858e-01 5.821690000000026011e-01 1.930350026063100133e+00 2.660161000000000886e+00 2.033742749519889870e+01 2.802643600000000745e+01
2.000000000000000000e+00 6.654500000000000526e+00 2.877499999999999947e+00 -1.999999999999999778e+00 -4.473376644259432706e-16 -2.404999999999999805e+00 1.848999999999999755e+00 -2.000000000000000000e+00 0.000000000000000000e+00 9.766000000000000014e+00 4.573000000000000398e+00 -2.000000000000000000e+00 0.000000000000000000e+00 6.008399597050756213e+00 8.280006250000001344e+00 2.480858338820300713e+00 3.418800999999999313e+00 1.517506452812071416e+01 2.091232900000000328e+01
2.000000000000000000e+00 1.882500000000000062e+00 1.011500000000000066e+00 -2.000000000000000000e+00 0.000000000000000000e+00 3.196499999999999897e+00 2.579499999999999904e+00 -2.000000000000000000e+00 0.000000000000000000e+00 3.443500000000000227e+00 2.314500000000000224e+00 -2.000000000000000000e+00 -2.865422407752459636e-16 7.424375312071329613e-01 1.023132250000000187e+00 4.828355160836761861e+00 6.653820249999999881e+00 3.887250373456788033e+00 5.356910249999999429e+00
2.000000000000000000e+00 2.677999999999999936e+00 2.159999999999999698e-01 -2.000000000000000000e+00 3.184496169121487692e-15 3.433499999999999996e+00 2.080500000000000238e+00 -2.000000000000000000e+00 2.958818402377212634e-16 5.421999999999999709e+00 1.501000000000000112e+00 -1.999999999999999556e+00 3.939575238700000399e-16 3.385600000000006660e-02 4.665600000000006548e-02 3.140968521604937003e+00 4.328480249999999252e+00 1.634893729766803139e+00 2.253001000000000253e+00
2.000000000000000000e+00 6.396500000000000519e+00 8.048500000000000654e+00 -2.000000000000000000e+00 0.000000000000000000e+00 -6.764000000000000234e+00 3.514000000000000234e+00 -2.000000000000000000e+00 0.000000000000000000e+00 -1.902499999999999858e+00 3.644499999999999851e+00 -2.000000000000000000e+00 0.000000000000000000e+00 4.700651349828531522e+01 6.477835225000002595e+01 8.960487906721535722e+00 1.234819600000000328e+01 9.638380181412889769e+00 1.328238025000000100e+01
2.000000000000000000e+00 3.251300000000000523e+01 6.785000000000000142e+00 -2.000000000000000000e+00 -1.637846301088266608e-15 8.629999999999999893e-01 3.108000000000000096e+00 -2.000000000000000000e+00 0.000000000000000000e+00 2.490499999999999936e+00 4.125000000000000888e-01 -2.000000000000000000e+00 0.000000000000000000e+00 3.340625929355284995e+01 4.603622500000003726e+01 7.009550419753084682e+00 9.659664000000002915e+00 1.234741512345679249e-01 1.701562500000000644e-01
2.000000000000000000e+00 -1.906499999999999417e+00 7.508499999999999730e+00 -2.000000000000000000e+00 0.000000000000000000e+00 -8.307999999999999829e+00 3.531000000000000139e+00 -2.000000000000000000e+00 -4.034939801883764327e-16 -3.639999999999999902e-01 1.079999999999999849e-01 -2.000000000000000000e+00 0.000000000000000000e+00 4.091047423902605118e+01 5.637757225000000716e+01 9.047395567901229896e+00 1.246796100000000074e+01 8.463999999999994098e-03 1.166399999999999729e-02
2.000000000000000000e+00 -8.120000000000002771e-01 6.831999999999999851e+00 -2.000000000000000000e+00 0.000000000000000000e+00 -1.466399999999999970e+01 5.860000000000002984e-01 -2.000000000000000000e+00 0.000000000000000000e+00 -7.784999999999999698e-01 5.275000000000000799e-01 -2.000000000000000000e+00 -2.836443294186826496e-16 3.387067557750341962e+01 4.667622399999999772e+01 2.491858491083678573e-01 3.433960000000003121e-01 2.019170867626886579e-01 2.782562500000000938e-01
2.000000000000000000e+00 3.671349999999999625e+01 5.747499999999998721e+00 -1.999999999999999556e+00 1.796364654927610786e-15 -8.727000000000000313e+00 7.402000000000001023e+00 -1.999999999999999778e+00 -2.102442889765932766e-16 -1.353200000000000003e+01 1.564000000000000057e+00 -2.000000000000000000e+00 0.000000000000000000e+00 2.397099733367621965e+01 3.303375624999994642e+01 3.975816257338819781e+01 5.478960400000001130e+01 1.775013421124828294e+00 2.446096000000000270e+00
2.000000000000000000e+00 9.085000000000000853e+00 8.951000000000000512e+00 -2.000000000000000000e+00 0.000000000000000000e+00 -1.565950000000000131e+01 6.675000000000004263e-01 -2.000000000000000000e+00 0.000000000000000000e+00 -2.665000000000000036e+00 1.542000000000000037e+00 -2.000000000000000000e+00 1.816805178292634237e-16 5.813949537585731520e+01 8.012040100000002951e+01 3.233185956790126103e-01 4.455562500000006532e-01 1.725428197530863850e+00 2.377764000000000433e+00
2.000000000000000000e+00 -3.372999999999999776e+00 3.804999999999999716e+00 -2.000000000000000000e+00 -1.934717141618956390e-16 -1.098000000000000043e+01 1.621000000000000441e+00 -2.000000000000000000e+00 0.000000000000000000e+00 -3.532999999999999918e+00 1.955999999999999961e+00 -2.000000000000000000e+00 0.000000000000000000e+00 1.050600168038408455e+01 1.447802499999999881e+01 1.906751836762689001e+00 2.627641000000001892e+00 2.776296493827159928e+00 3.825936000000000003e+00
2.000000000000000000e+00 3.206799999999999784e+01 2.968999999999999417e+00 -2.000000000000000000e+00 1.764708459785482604e-15 -1.369899999999999984e+01 1.595000000000000639e+00 -2.000000000000000000e+00 0.000000000000000000e+00 -1.648300000000000054e+01 1.225999999999999979e+00 -2.000000000000000000e+00 2.108661475063167606e-15 6.396590355281212226e+00 8.814961000000005598e+00 1.846075754458162965e+00 2.544025000000002201e+00 1.090709470507546186e+00 1.503076000000001633e+00
2.000000000000000000e+00 1.400349999999999895e+01 4.034500000000000419e+00 -2.000000000000000000e+00 6.491907075759400645e-16 -9.178000000000000824e+00 2.404000000000000359e+00 -2.000000000000000000e+00 5.114307231241167496e-16 -4.019999999999999574e+00 1.303999999999999826e+00 -2.000000000000000000e+00 -9.012597182305542504e-16 1.181156878223593232e+01 1.627719025000000030e+01 4.193697207133058491e+00 5.779215999999999909e+00 1.233909552812069599e+00 1.700415999999998817e+00
2.000000000000000000e+00 -1.314499999999999957e+01 7.391999999999999460e+00 -2.000000000000000000e+00 0.000000000000000000e+00 -5.791000000000000369e+00 2.696000000000000174e+00 -2.000000000000000000e+00 2.719517160383221411e-16 -2.124499999999999833e+00 5.735000000000000098e-01 -2.000000000000000000e+00 -5.885860477875936268e-16 3.965080967901232611e+01 5.464166399999999868e+01 5.274337536351162647e+00 7.268415999999999322e+00 2.386684365569273769e-01 3.289022500000001181e-01
2.000000000000000000e+00 1.661100000000000065e+01 6.884000000000000341e+00 -2.000000000000000000e+00 0.000000000000000000e+00 -1.252349999999999852e+01 2.182500000000000107e+00 -2.000000000000000000e+00 -1.196094505440846687e-15 -9.511499999999999844e+00 4.458500000000000796e+00 -2.000000000000000000e+00 -2.405166496503857936e-16 3.438823350342936180e+01 4.738945600000000269e+01 3.456500694444447852e+00 4.763306250000002962e+00 1.442466333367626774e+01 1.987822225000001097e+01
2.000000000000000000e+00 1.792549999999999955e+01 5.984999999999995879e-01 -2.000000000000000000e+00 8.868462740589359605e-15 -6.891000000000000014e+00 1.020999999999999908e+00 -2.000000000000000000e+00 0.000000000000000000e+00 -7.411999999999999922e+00 1.011999999999999567e+00 -2.000000000000000000e+00 0.000000000000000000e+00 2.599300277777755741e-01 3.582022499999977239e-01 7.564489561042521126e-01 1.042440999999999729e+00 7.431717091906713257e-01 1.024143999999999499e+00
2.000000000000000000e+00 -1.123399999999999999e+01 1.021000000000000085e+01 -2.000000000000000000e+00 3.204455278320724547e-16 -7.684999999999999609e+00 3.982000000000000206e+00 -2.000000000000000000e+00 -1.688020419177020060e-16 -2.490000000000000213e+00 1.809999999999998554e-01 -2.000000000000000000e+00 3.656828089070019226e-15 7.564489561042520904e+01 1.042440999999999889e+02 1.150616652400548290e+01 1.585632400000000075e+01 2.377307133058972899e-02 3.276099999999987356e-02
2.000000000000000000e+00 7.509999999999999787e+00 3.365999999999999659e+00 -2.000000000000000000e+00 0.000000000000000000e+00 -1.422899999999999920e+01 1.890000000000000568e-01 -2.000000000000000000e+00 0.000000000000000000e+00 -4.969500000000000028e+00 2.669500000000000206e+00 -2.000000000000000000e+00 0.000000000000000000e+00 8.221600444444442601e+00 1.132995599999999747e+01 2.592100000000000654e-02 3.572100000000002357e-02 5.171160222565156950e+00 7.126230250000001654e+00
4.000000000000000000e+00 2.645999999999999908e+00 2.899999999999991473e-02 -2.000000000000000000e+00 0.000000000000000000e+00 5.155000000000000693e-01 7.500000000000006661e-03 -2.000000000000000000e+00 -2.227382935372413286e-14 9.533000000000001251e+00 4.600000000000026290e-02 -1.999999999999999556e+00 -5.792154287133770846e-14 6.102729766803803709e-04 8.409999999999950718e-04 4.081790123456725898e-05 5.624999999999938182e-05 1.535478737997343418e-03 2.116000000000093934e-03
4.000000000000000000e+00 2.648499999999999854e+00 2.249999999999996447e-02 -2.000000000000000000e+00 0.000000000000000000e+00 5.364999999999999769e-01 3.049999999999997158e-02 -2.000000000000000000e+00 0.000000000000000000e+00 9.412499999999999645e+00 1.849999999999951683e-02 -2.000000000000000000e+00 0.000000000000000000e+00 3.673611111111098641e-04 5.062499999999984547e-04 6.750373799725636892e-04 9.302499999999982441e-04 2.483542524005356400e-04 3.422499999999822169e-04
4.000000000000000000e+00 2.644999999999999574e+00 1.189999999999999947e-01 -2.000000000000000000e+00 5.597429619771124621e-15 2.149999999999999967e-01 1.100000000000000006e-01 -2.000000000000000000e+00 2.443731418074014157e-16 9.849999999999999645e+00 1.310000000000002274e-01 -2.000000000000000000e+00 0.000000000000000000e+00 1.027595198902610425e-02 1.416100000000004855e-02 8.780384087791493278e-03 1.210000000000000138e-02 1.245290672153639110e-02 1.716100000000005815e-02
4.000000000000000000e+00 2.869499999999999940e+00 3.750000000000008882e-02 -2.000000000000000000e+00 0.000000000000000000e+00 4.149999999999999523e-02 3.049999999999999933e-02 -2.000000000000000000e+00 1.791232811037330255e-16 9.567499999999999005e+00 2.349999999999941025e-02 -2.000000000000000000e+00 1.134348467933374960e-13 1.020447530864202271e-03 1.406250000000006887e-03 6.750373799725648818e-04 9.302499999999996536e-04 4.007410836762131793e-04 5.522499999999366891e-04
4.000000000000000000e+00 4.668499999999999872e+00 4.544999999999999041e-01 -1.999999999999999778e+00 2.956300493014014515e-15 1.641999999999999904e+00 3.190000000000000613e-01 -2.000000000000000000e+00 1.068779714603146400e-15 9.051000000000000156e+00 1.015000000000000568e+00 -2.000000000000000000e+00 0.000000000000000000e+00 1.498980277777780257e-01 2.065702500000002884e-01 7.384303017832653804e-02 1.017610000000001291e-01 7.475843964334711877e-01 1.030225000000001279e+00
4.000000000000000000e+00 1.153000000000000025e+00 5.600000000000000533e-01 -2.000000000000000000e+00 0.000000000000000000e+00 2.810000000000000275e-01 5.689999999999999503e-01 -2.000000000000000000e+00 0.000000000000000000e+00 3.842999999999999972e+00 1.203999999999999959e+00 -2.000000000000000000e+00 -5.724970833853735669e-16 2.275643347050754495e-01 3.136000000000001009e-01 2.349376803840877437e-01 3.237609999999999655e-01 1.051916137174211618e+00 1.449616000000000238e+00
4.000000000000000000e+00 5.337500000000000355e+00 3.445000000000000284e-01 -2.000000000000000000e+00 0.000000000000000000e+00 -3.568499999999999783e+00 7.284999999999999254e-01 -2.000000000000000000e+00 0.000000000000000000e+00 1.323500000000000121e+00 2.474999999999999423e-01 -2.000000000000000000e+00 -1.315838188351148406e-15 8.612051063100135961e-02 1.186802500000000288e-01 3.851121814128942722e-01 5.307122499999998855e-01 4.445069444444445933e-02 6.125625000000001902e-02
4.000000000000000000e+00 8.933500000000000441e+00 1.149500000000000188e+00 -2.000000000000000000e+00 -1.169508238885161917e-15 -1.054599999999999937e+01 1.974000000000000199e+00 -2.000000000000000000e+00 0.000000000000000000e+00 -1.626499999999999835e+00 1.193500000000000005e+00 -2.000000000000000000e+00 -2.612179104562867758e-16 9.588398933470502206e-01 1.321350249999999393e+00 2.827629086419753524e+00 3.896676000000001583e+00 1.033648765775034173e+00 1.424442250000000021e+00
4.000000000000000000e+00 6.384999999999999787e+00 1.234999999999999876e+00 -1.999999999999999778e+00 1.119858002917760602e-15 -1.058900000000000041e+01 1.150000000000002132e-01 -2.000000000000000000e+00 0.000000000000000000e+00 -3.984999999999999876e+00 9.399999999999986144e-02 -2.000000000000000000e+00 0.000000000000000000e+00 1.106781927297666446e+00 1.525224999999998943e+00 9.596742112482885972e-03 1.322500000000005095e-02 6.411857338820281700e-03 8.835999999999975818e-03
4.000000000000000000e+00 4.894999999999999574e+00 3.699999999999996625e-01 -2.000000000000000000e+00 3.630203313792708236e-15 -1.449150000000000027e+01 7.185000000000005826e-01 -2.000000000000000000e+00 0.000000000000000000e+00 -4.756499999999999950e+00 1.164500000000000091e+00 -1.999999999999999778e+00 -6.327530695409265539e-16 9.934170096021956164e-02 1.369000000000000217e-01 3.746120030864202866e-01 5.162422500000007908e-01 9.840272596021950591e-01 1.356060250000000966e+00
4.000000000000000000e+00 6.580000000000000071e+00 2.629999999999999005e-01 -2.000000000000000000e+00 0.000000000000000000e+00 -1.166699999999999982e+01 1.709999999999993747e-01 -2.000000000000000000e+00 0.000000000000000000e+00 -3.234500000000000153e+00 7.745000000000001883e-01 -2.000000000000000000e+00 0.000000000000000000e+00 5.019259396433465442e-02 6.916899999999995274e-02 2.121877777777761778e-02 2.924099999999979146e-02 4.352822801783266526e-01 5.998502500000002513e-01
4.000000000000000000e+00 7.990999999999999659e+00 5.059999999999997833e-01 -1.999999999999999778e+00 2.570868920140332537e-15 -8.454000000000000625e+00 5.939999999999998614e-01 -1.999999999999999778e+00 2.251333454304501188e-15 2.099999999999996314e-02 5.560000000000000497e-01 -2.000000000000000000e+00 0.000000000000000000e+00 1.857929272976674429e-01 2.560359999999994307e-01 2.560360000000002634e-01 3.528360000000003160e-01 2.243250260631001192e-01 3.091360000000000774e-01
4.000000000000000000e+00 3.707999999999999741e+00 5.089999999999998970e-01 -2.000000000000000000e+00 0.000000000000000000e+00 -3.697499999999999787e+00 6.924999999999998934e-01 -2.000000000000000000e+00 0.000000000000000000e+00 5.344999999999999751e-01 2.775000000000000244e-01 -2.000000000000000000e+00 5.682498548494509652e-16 1.880025363511658720e-01 2.590809999999998392e-01 3.479907493141288222e-01 4.795562499999998507e-01 5.587970679012343317e-02 7.700624999999997056e-02
4.000000000000000000e+00 4.725500000000000256e+00 3.555000000000001492e-01 -2.000000000000000000e+00 0.000000000000000000e+00 -3.123999999999999666e+00 1.029999999999999805e-01 -2.000000000000000000e+00 -6.449290738817455878e-15 1.500000000000000222e-01 5.200000000000000455e-02 -2.000000000000000000e+00 -8.674666050624374460e-16 9.170802777777783965e-02 1.263802500000001106e-01 7.698437585733916046e-03 1.060900000000003507e-02 1.962161865569274268e-03 2.704000000000001975e-03
4.000000000000000000e+00 1.299450000000000038e+01 3.206500000000000128e+00 -2.000000000000000000e+00 0.000000000000000000e+00 1.005000000000000338e-01 1.732499999999999929e+00 -2.000000000000000000e+00 0.000000000000000000e+00 -2.734999999999999876e+00 2.909999999999999254e-01 -2.000000000000000000e+00 0.000000000000000000e+00 7.460889918038408730e+00 1.028164225000000087e+01 2.178084027777777099e+00 3.001556249999999704e+00 6.144890123456785841e-02 8.468099999999996463e-02
4.000000000000000000e+00 5.834499999999999353e+00 4.256499999999999950e+00 -2.000000000000000000e+00 2.764098691277604046e-16 -1.705999999999999961e+00 4.350000000000000533e-01 -2.000000000000000000e+00 0.000000000000000000e+00 1.990000000000000102e-01 8.569999999999999840e-01 -2.000000000000000000e+00 0.000000000000000000e+00 1.314720452709189757e+01 1.811779224999999727e+01 1.373114197530864167e-01 1.892250000000000876e-01 5.329540754458160778e-01 7.344490000000000185e-01
4.000000000000000000e+00 3.485000000000000320e+00 5.610000000000001652e-01 -1.999999999999999778e+00 -1.179024739781357252e-15 -5.945000000000000284e+00 1.699999999999990408e-02 -1.999999999999999778e+00 7.835873692796378463e-14 -4.735000000000000320e-01 2.135000000000000231e-01 -2.000000000000000000e+00 0.000000000000000000e+00 2.283777901234566865e-01 3.147209999999999730e-01 2.097133058984758369e-04 2.889999999999838228e-04 3.307683161865569016e-02 4.558225000000001165e-02
4.000000000000000000e+00 5.992499999999999716e+00 6.145000000000000462e-01 -1.999999999999999778e+00 2.093257353325740253e-15 -8.667999999999999261e+00 9.150000000000000355e-01 -2.000000000000000000e+00 -2.898524284052899149e-15 -1.868000000000000105e+00 2.470000000000001084e-01 -2.000000000000000000e+00 0.000000000000000000e+00 2.740134735939647737e-01 3.776102500000004802e-01 6.075336419753097905e-01 8.372250000000015513e-01 4.427127709190675081e-02 6.100900000000004930e-02
4.000000000000000000e+00 5.038999999999999702e+00 6.600000000000001421e-01 -2.000000000000000000e+00 0.000000000000000000e+00 -9.804500000000000881e+00 3.794999999999992824e-01 -2.000000000000000000e+00 7.109563433474530437e-15 -2.411500000000000199e+00 2.525000000000001688e-01 -2.000000000000000000e+00 2.693928824259013278e-15 3.160938271604938898e-01 4.356000000000002093e-01 1.045085216049384258e-01 1.440202500000000163e-01 4.626482338820316065e-02 6.375625000000018083e-02
4.000000000000000000e+00 5.285999999999999588e+00 3.320000000000002949e-01 -2.000000000000000000e+00 3.981945308689342320e-15 -1.464250000000000007e+01 2.549999999999918998e-02 -2.000000000000000000e+00 0.000000000000000000e+00 -2.381000000000000227e+00 8.369999999999999662e-01 -2.000000000000000000e+00 8.520132909975132474e-16 7.998421947873836368e-02 1.102240000000004744e-01 4.718549382715748141e-04 6.502499999999588037e-04 5.083689999999995157e-01 7.005689999999997752e-01
4.000000000000000000e+00 2.973499999999999588e+00 5.604999999999999982e-01 -2.000000000000000444e+00 1.182182840086747971e-15 -9.360500000000000043e+00 1.229499999999999815e+00 -2.000000000000000000e+00 0.000000000000000000e+00 -2.004000000000000004e+00 8.669999999999999929e-01 -2.000000000000000000e+00 0.000000000000000000e+00 2.279708810013714448e-01 3.141602499999998632e-01 1.096945901577503157e+00 1.511670249999999438e+00 5.454643086419751485e-01 7.516890000000000516e-01
4.000000000000000000e+00 2.001999999999999780e+00 2.979999999999999316e-01 -2.000000000000000000e+00 1.114372496810173625e-15 -7.047000000000000597e+00 7.890000000000001457e-01 -2.000000000000000000e+00 1.638767063430938639e-15 -3.755000000000000004e-01 1.024999999999999800e-01 -2.000000000000000000e+00 0.000000000000000000e+00 6.444076268861453904e-02 8.880400000000003569e-02 4.517333456790119106e-01 6.225209999999996580e-01 7.623876886145399163e-03 1.050624999999999823e-02
4.000000000000000000e+00 3.268499999999999961e+00 1.665000000000000924e-01 -2.000000000000000000e+00 0.000000000000000000e+00 -1.022499999999999964e+01 2.270000000000003126e-01 -2.000000000000000000e+00 0.000000000000000000e+00 -1.759999999999999787e+00 3.699999999999999956e-01 -2.000000000000000000e+00 -9.589216300584487873e-16 2.011669444444446134e-02 2.772225000000003853e-02 3.739210013717430420e-02 5.152900000000014413e-02 9.934170096021952001e-02 1.369000000000000772e-01
4.000000000000000000e+00 3.264499999999999957e+00 1.444999999999998508e-01 -2.000000000000000000e+00 0.000000000000000000e+00 -9.393000000000000682e+00 2.879999999999993676e-01 -1.999999999999999778e+00 9.222666692498016646e-15 -1.822500000000000231e+00 2.685000000000000719e-01 -2.000000000000000000e+00 1.165039735818953329e-15 1.515178635116594744e-02 2.088024999999995787e-02 6.018844444444461372e-02 8.294400000000007322e-02 5.231385493827157146e-02 7.209225000000001049e-02
4.000000000000000000e+00 2.897499999999999964e+00 2.749999999999985789e-02 -2.000000000000000000e+00 0.000000000000000000e+00 -8.679000000000000270e+00 1.479999999999996874e-01 -2.000000000000000000e+00 0.000000000000000000e+00 -1.310000000000000053e+00 1.300000000000000044e-01 -1.999999999999999778e+00 2.566158988131371586e-15 5.487740054869626920e-04 7.562499999999921715e-04 1.589467215363504771e-02 2.190399999999990965e-02 1.226351165980793002e-02 1.689999999999997754e-02
4.000000000000000000e+00 3.548999999999999932e+00 1.200000000000001066e-02 -2.000000000000000000e+00 0.000000000000000000e+00 -9.435999999999999943e+00 5.300000000000082423e-02 -2.000000000000000000e+00 0.000000000000000000e+00 -1.359500000000000153e+00 1.499999999999946038e-03 -2.000000000000000000e+00 2.220520399920367551e-13 1.044938271604939795e-04 1.440000000000002747e-04 2.038355281207195925e-03 2.809000000000087469e-03 1.632716049382881484e-06 2.250000000000121183e-06
4.000000000000000000e+00 3.612999999999999989e+00 1.770000000000000462e-01 -2.000000000000000000e+00 0.000000000000000000e+00 -9.389499999999999957e+00 1.650000000000062528e-02 -2.000000000000000000e+00 0.000000000000000000e+00 -2.144000000000000128e+00 2.079999999999999627e-01 -1.999999999999999778e+00 3.180710885228940655e-15 2.273393827160494554e-02 3.132900000000001656e-02 1.975586419753235900e-04 2.722500000000206309e-04 3.139458984910827033e-02 4.326399999999991364e-02
4.000000000000000000e+00 3.623499999999999943e+00 1.134500000000000064e+00 -2.000000000000000000e+00 0.000000000000000000e+00 -9.947500000000001563e+00 1.924999999999998934e-01 -1.999999999999999778e+00 1.392238198767456513e-14 -1.034000000000000030e+00 1.155000000000000027e+00 -2.000000000000000000e+00 0.000000000000000000e+00 9.339790703017830653e-01 1.287090250000000324e+00 2.688992626886170870e-02 3.705625000000025565e-02 9.680373456790122288e-01 1.334025000000000238e+00
4.000000000000000000e+00 2.335500000000000131e+00 5.194999999999999618e-01 -1.999999999999999778e+00 -6.928857460062809112e-16 -8.717500000000001137e+00 7.499999999999396039e-03 -2.000000000000000000e+00 3.552518923966671962e-13 2.615000000000000213e+00 1.870000000000000551e-01 -2.000000000000000000e+00 -3.581287647085871977e-15 1.958390291495197277e-01 2.698802499999998772e-01 4.081790123457266643e-05 5.625000000000230239e-05 2.537531001371750097e-02 3.496900000000009029e-02
4.000000000000000000e+00 3.546499999999999986e+00 3.814999999999999503e-01 -2.000000000000000000e+00 0.000000000000000000e+00 -9.199999999999999289e+00 1.339999999999994529e-01 -2.000000000000000000e+00 -1.991673511363593680e-14 2.032500000000000195e+00 5.145000000000000684e-01 -2.000000000000000000e+00 -6.113858116685309675e-16 1.056129633058984219e-01 1.455422499999999841e-01 1.302979972565126467e-02 1.795599999999965279e-02 1.920874104938272708e-01 2.647102500000002578e-01
4.000000000000000000e+00 3.809000000000000163e+00 2.310000000000000941e-01 -2.000000000000000000e+00 -2.885015675514795717e-15 -9.156499999999999417e+00 1.334999999999997300e-01 -2.000000000000000000e+00 0.000000000000000000e+00 2.032999999999999918e+00 2.800000000000002487e-02 -2.000000000000000000e+00 0.000000000000000000e+00 3.872149382716060656e-02 5.336100000000013055e-02 1.293274382716043738e-02 1.782224999999993190e-02 5.689108367626894650e-04 7.840000000000014926e-04
4.000000000000000000e+00 3.689000000000000057e+00 4.700000000000015277e-02 -2.000000000000000000e+00 0.000000000000000000e+00 -8.959500000000000242e+00 4.749999999999943157e-02 -2.000000000000000000e+00 0.000000000000000000e+00 1.026499999999999968e+00 1.585000000000000298e-01 -1.999999999999999778e+00 9.802231933662219284e-16 1.602964334705085821e-03 2.209000000000014338e-03 1.637251371742073046e-03 2.256249999999945799e-03 1.823000034293551647e-02 2.512224999999999875e-02
4.000000000000000000e+00 3.674999999999999822e+00 1.919999999999999485e-01 -2.000000000000000000e+00 3.431267726145895660e-15 -9.059999999999998721e+00 1.400000000000023448e-02 -1.999999999999999778e+00 -1.903045962034438826e-13 9.339999999999999414e-01 7.899999999999995914e-02 -2.000000000000000000e+00 0.000000000000000000e+00 2.675041975308647263e-02 3.686400000000005645e-02 1.422277091906980618e-04 1.960000000000277764e-04 4.528791495198896538e-03 6.240999999999994816e-03
4.000000000000000000e+00 3.807000000000000384e+00 1.710000000000000409e-01 -2.000000000000000000e+00 -3.902963115904321793e-15 -9.056499999999999773e+00 2.749999999999985789e-02 -2.000000000000000000e+00 0.000000000000000000e+00 1.249000000000000110e+00 2.199999999999990852e-02 -2.000000000000000000e+00 -1.519377281419734927e-14 2.121877777777772187e-02 2.924099999999995106e-02 5.487740054869626920e-04 7.562499999999921715e-04 3.512153635116610300e-04 4.840000000000001094e-04
4.000000000000000000e+00 3.673999999999999932e+00 1.089999999999999858e-01 -2.000000000000000000e+00 0.000000000000000000e+00 -8.964999999999999858e+00 2.599999999999980105e-02 -2.000000000000000000e+00 0.000000000000000000e+00 1.196499999999999897e+00 2.149999999999996358e-02 -2.000000000000000000e+00 1.551158981224631388e-14 8.621466392318239899e-03 1.188099999999999747e-02 4.905404663923106524e-04 6.759999999999895433e-04 3.354324417009549829e-04 4.622499999999943494e-04
4.000000000000000000e+00 3.726999999999999869e+00 4.800000000000004263e-02 -2.000000000000000000e+00 0.000000000000000000e+00 -9.169000000000000483e+00 5.100000000000015632e-02 -2.000000000000000000e+00 0.000000000000000000e+00 1.270499999999999963e+00 4.249999999999998224e-02 -2.000000000000000000e+00 0.000000000000000000e+00 1.671901234567903672e-03 2.304000000000004395e-03 1.887419753086431095e-03 2.601000000000016060e-03 1.310708161865567880e-03 1.806249999999998612e-03
4.000000000000000000e+00 3.927500000000000213e+00 6.500000000000172307e-03 -1.999999999999999778e+00 -1.024574445756997762e-13 -8.887999999999999901e+00 3.800000000000025580e-02 -2.000000000000000000e+00 0.000000000000000000e+00 1.286499999999999977e+00 9.500000000000063949e-03 -2.000000000000000000e+00 0.000000000000000000e+00 3.065877914951905663e-05 4.224999999999978014e-05 1.047840877914965954e-03 1.444000000000019270e-03 6.549005486968537213e-05 9.025000000000120437e-05
4.000000000000000000e+00 3.862499999999999822e+00 1.005000000000000338e-01 -2.000000000000000000e+00 6.622222635403582100e-15 -9.085499999999999687e+00 5.550000000000032685e-02 -2.000000000000000000e+00 0.000000000000000000e+00 1.387000000000000011e+00 1.290000000000000036e-01 -2.000000000000000000e+00 0.000000000000000000e+00 7.329262345679054408e-03 1.010025000000004669e-02 2.235188271604964146e-03 3.080250000000036518e-03 1.207556790123456500e-02 1.664099999999999954e-02
4.000000000000000000e+00 3.964500000000000135e+00 4.999999999999449329e-04 -2.000000000000000000e+00 -1.332174376517091116e-12 -8.807999999999999829e+00 1.699999999999945999e-02 -2.000000000000000000e+00 0.000000000000000000e+00 1.411000000000000032e+00 1.900000000000001688e-02 -2.000000000000000000e+00 -1.753589131216071212e-14 1.814128943760064723e-07 2.500000000001340846e-07 2.097133058984776801e-04 2.889999999999816544e-04 2.619602194787348207e-04 3.609999999999970112e-04
4.000000000000000000e+00 3.983500000000000263e+00 6.750000000000011546e-02 -1.999999999999999778e+00 -9.870905314708195766e-15 -8.966499999999999915e+00 6.150000000000055422e-02 -2.000000000000000000e+00 0.000000000000000000e+00 1.459999999999999964e+00 7.600000000000006750e-02 -2.000000000000000000e+00 0.000000000000000000e+00 3.306250000000036590e-03 4.556250000000042037e-03 2.744595679012394335e-03 3.782250000000068543e-03 4.191363511659813509e-03 5.776000000000011160e-03
4.000000000000000000e+00 3.855500000000000149e+00 8.499999999999952038e-03 -1.999999999999999778e+00 -7.835873692796378463e-14 -8.875499999999998835e+00 1.094999999999997087e-01 -2.000000000000000000e+00 -2.427813075374433046e-14 1.277500000000000080e+00 7.850000000000001421e-02 -2.000000000000000000e+00 0.000000000000000000e+00 5.242832647461895924e-05 7.224999999999595570e-05 8.700743827160612939e-03 1.199025000000010152e-02 4.471646433470507880e-03 6.162250000000002795e-03
4.000000000000000000e+00 3.841000000000000192e+00 2.809999999999999165e-01 -2.000000000000000000e+00 -2.345484411143113881e-15 -9.289500000000000313e+00 4.175000000000004263e-01 -2.000000000000000000e+00 0.000000000000000000e+00 2.339999999999999858e-01 1.329999999999999793e-01 -1.999999999999999778e+00 4.608454991082367314e-16 5.729817421124811655e-02 7.896099999999986463e-02 1.264856052812073639e-01 1.743062500000003567e-01 1.283605075445816077e-02 1.768900000000000333e-02
4.000000000000000000e+00 2.005999999999999783e+00 6.649999999999999245e-01 -1.999999999999999778e+00 4.719057910868345534e-16 -9.593499999999998806e+00 5.500000000000504485e-03 -1.999999999999999778e+00 -4.844506619813364498e-13 -8.389999999999999680e-01 9.190000000000000391e-01 -2.000000000000000000e+00 -1.430420401468467096e-16 3.209012688614540365e-01 4.422250000000000902e-01 2.195096021947443352e-05 3.024999999999723534e-05 6.128570219478737258e-01 8.445610000000000062e-01
4.000000000000000000e+00 3.102999999999999758e+00 2.870000000000001439e-01 -2.000000000000000000e+00 2.348197081487929233e-15 -9.436999999999999389e+00 1.089999999999999858e-01 -2.000000000000000000e+00 0.000000000000000000e+00 -1.317000000000000171e+00 2.730000000000000204e-01 -2.000000000000000000e+00 1.193631717253966233e-15 5.977119478737992486e-02 8.236899999999998390e-02 8.621466392318239899e-03 1.188099999999999747e-02 5.408208641975312259e-02 7.452900000000006742e-02
4.000000000000000000e+00 3.450999999999999623e+00 5.400000000000004796e-02 -2.000000000000000000e+00 1.239371482036467137e-14 -9.621000000000000441e+00 1.449999999999995737e-01 -2.000000000000000000e+00 0.000000000000000000e+00 -2.227500000000000036e+00 2.515000000000000568e-01 -2.000000000000000000e+00 0.000000000000000000e+00 2.116000000000023678e-03 2.916000000000025776e-03 1.525682441700951068e-02 2.102499999999987712e-02 4.589909499314129976e-02 6.325225000000003761e-02
4.000000000000000000e+00 1.272499999999999964e+00 1.584999999999999742e-01 -1.999999999999999778e+00 2.069360074884248222e-15 -9.094999999999998863e+00 2.589999999999994529e-01 -2.000000000000000000e+00 -1.038399099605156969e-14 7.279999999999999805e-01 1.590000000000000302e-01 -2.000000000000000000e+00 0.000000000000000000e+00 1.823000034293548524e-02 2.512224999999996752e-02 4.867743347050693808e-02 6.708099999999934948e-02 1.834519753086420388e-02 2.528100000000001180e-02
4.000000000000000000e+00 3.004999999999999893e+00 2.099999999999990763e-02 -2.000000000000000000e+00 0.000000000000000000e+00 -9.553999999999998494e+00 2.099999999999990763e-02 -2.000000000000000000e+00 -1.268582980068815607e-13 8.084999999999999964e-01 7.499999999999951150e-03 -2.000000000000000000e+00 0.000000000000000000e+00 3.200123456790095037e-04 4.409999999999961368e-04 3.200123456790411624e-04 4.410000000000279582e-04 4.081790123456736740e-05 5.624999999999926662e-05
4.000000000000000000e+00 2.908500000000000085e+00 9.949999999999992184e-02 -2.000000000000000000e+00 0.000000000000000000e+00 -9.413000000000000256e+00 9.999999999994457767e-04 -2.000000000000000000e+00 0.000000000000000000e+00 1.050499999999999989e+00 9.500000000000063949e-03 -2.000000000000000000e+00 0.000000000000000000e+00 7.184132030178314032e-03 9.900249999999985451e-03 7.256515775026247907e-07 9.999999999988918239e-07 6.549005486968537213e-05 9.025000000000120437e-05
4.000000000000000000e+00 2.756499999999999950e+00 1.750000000000007105e-02 -2.000000000000000000e+00 0.000000000000000000e+00 -9.204499999999999460e+00 4.450000000000020606e-02 -2.000000000000000000e+00 -5.990288171296866909e-14 7.459999999999999964e-01 9.199999999999997069e-02 -2.000000000000000000e+00 0.000000000000000000e+00 2.222307956104270326e-04 3.062500000000024296e-04 1.436971536351111739e-03 1.980249999999951233e-03 6.141914951989020655e-03 8.463999999999994098e-03
4.000000000000000000e+00 2.826500000000000234e+00 8.450000000000001954e-02 -2.000000000000000000e+00 -7.816807253507550708e-15 -9.463999999999998636e+00 1.879999999999997229e-01 -2.000000000000000000e+00 -1.416303898397726794e-14 4.649999999999999689e-01 2.599999999999999534e-02 -1.999999999999999778e+00 3.180710885228940655e-15 5.181333676268829770e-03 7.140249999999972140e-03 2.564742935528141130e-02 3.534400000000018083e-02 4.905404663923167239e-04 6.759999999999986506e-04
1.000000000000000000e+00 1.380000000000000071e+01 1.665000000000000036e+00 -2.000000000000000000e+00 -1.635597465810060019e-15 5.819000000000000838e+00 7.379999999999999893e-01 -2.000000000000000000e+00 -1.795372219882491889e-15 2.194999999999999840e+00 1.681000000000000050e+00 -2.000000000000000000e+00 9.349041354018205864e-17 2.011669444444441179e+00 2.772224999999997941e+00 3.952217777777771168e-01 5.446439999999994619e-01 2.050517927297666798e+00 2.825760999999999523e+00
1.000000000000000000e+00 5.496000000000000441e+00 1.111000000000000210e+00 -1.999999999999999778e+00 -1.214393158944711205e-15 5.401500000000000412e+00 4.884999999999997122e-01 -2.000000000000000000e+00 -2.678607353546936788e-15 3.409499999999999975e+00 1.581499999999999684e+00 -1.999999999999999778e+00 -1.684045772322779383e-16 8.956869807956114871e-01 1.234321000000001334e+00 1.731638686556928319e-01 2.386322500000001290e-01 1.814957819272975170e+00 2.501142249999999567e+00
1.000000000000000000e+00 9.002500000000001279e+00 2.604999999999995097e-01 -2.000000000000000000e+00 -1.030377512832452221e-14 3.699500000000000011e+00 6.945000000000001172e-01 -2.000000000000000000e+00 0.000000000000000000e+00 6.260500000000000398e+00 1.376499999999999613e+00 -1.999999999999999778e+00 -9.364924133396415755e-16 4.924289746227729359e-02 6.786025000000013574e-02 3.500037067901234922e-01 4.823302500000001825e-01 1.374929959190669848e+00 1.894752249999998250e+00
1.000000000000000000e+00 6.331500000000000128e+00 2.497500000000000053e+00 -2.000000000000000000e+00 2.850714537359581282e-16 2.064999999999999947e+00 1.629000000000000004e+00 -2.000000000000000000e+00 0.000000000000000000e+00 1.105100000000000016e+01 4.350000000000004974e-01 -2.000000000000000000e+00 0.000000000000000000e+00 4.526256249999998538e+00 6.237506250000000918e+00 1.925618777777776902e+00 2.653641000000000361e+00 1.373114197530867220e-01 1.892250000000004484e-01
1.000000000000000000e+00 8.970000000000000195e-01 1.790999999999999925e+00 -2.000000000000000000e+00 2.319021196931474497e-16 5.315500000000000114e+00 1.050499999999999989e+00 -2.000000000000000000e+00 -1.340757068531992819e-15 1.123099999999999987e+01 4.499999999999992895e-02 -2.000000000000000000e+00 0.000000000000000000e+00 2.327658777777777743e+00 3.207681000000000449e+00 8.007929797668045246e-01 1.103550250000000954e+00 1.469444444444439456e-03 2.024999999999993819e-03
1.000000000000000000e+00 4.226499999999999702e+00 2.766500000000000181e+00 -2.000000000000000000e+00 5.033724461051549677e-16 1.243500000000000050e+00 2.523499999999999854e+00 -1.999999999999999778e+00 -2.210804199763132024e-16 1.300150000000000006e+01 8.254999999999999005e-01 -2.000000000000000000e+00 0.000000000000000000e+00 5.553790494170096181e+00 7.653522250000005300e+00 4.620987160836763863e+00 6.368052250000001635e+00 4.944954489026060496e-01 6.814502499999999241e-01
1.000000000000000000e+00 1.369999999999999929e+01 1.716000000000000192e+00 -2.000000000000000000e+00 1.494057431213454375e-15 2.979000000000000092e+00 1.238999999999999879e+00 -2.000000000000000000e+00 -2.334835575756399278e-16 1.816999999999999948e+00 9.850000000000000977e-01 -2.000000000000000000e+00 1.742580289477292486e-16 2.136794271604940842e+00 2.944656000000003715e+00 1.113962975308641301e+00 1.535120999999999958e+00 7.040453017832646321e-01 9.702250000000001151e-01
1.000000000000000000e+00 1.609199999999999875e+01 2.080000000000000071e+00 -1.999999999999999778e+00 2.566158988131371586e-15 5.221000000000000085e+00 1.229999999999999760e+00 -1.999999999999999778e+00 -5.369543993002410079e-16 -4.200499999999999901e+00 1.656500000000000083e+00 -2.000000000000000000e+00 -4.885015036118764462e-16 3.139458984910830086e+00 4.326399999999994250e+00 1.097838271604938187e+00 1.512899999999999912e+00 1.991182304869683506e+00 2.743992249999999800e+00
1.000000000000000000e+00 1.138850000000000051e+01 3.215000000000003411e-01 -2.000000000000000000e+00 0.000000000000000000e+00 -1.497999999999999998e+00 3.380000000000000782e-01 -2.000000000000000000e+00 0.000000000000000000e+00 7.690500000000000114e+00 1.615000000000001990e-01 -2.000000000000000000e+00 0.000000000000000000e+00 7.500497976680396695e-02 1.033622500000002387e-01 8.290133882030181756e-02 1.142440000000000538e-01 1.892662585733886557e-02 2.608225000000006372e-02
1.000000000000000000e+00 1.892499999999999849e+00 3.284499999999999531e+00 -2.000000000000000000e+00 0.000000000000000000e+00 6.300499999999999545e+00 3.601499999999999702e+00 -2.000000000000000000e+00 0.000000000000000000e+00 1.683500000000000085e+01 3.033999999999999808e+00 -2.000000000000000000e+00 -8.904540607904807939e-16 7.828285860425236997e+00 1.078794024999999657e+01 9.412283114197526501e+00 1.297080224999999842e+01 6.679735972565151059e+00 9.205155999999995231e+00
1.000000000000000000e+00 6.350999999999999979e+00 1.057000000000000384e+00 -2.000000000000000000e+00 0.000000000000000000e+00 3.615000000000000213e+00 3.949999999999997957e-01 -2.000000000000000000e+00 -1.745141548811549404e-15 1.348199999999999932e+01 2.181000000000000050e+00 -2.000000000000000000e+00 1.284175793031623483e-15 8.107334993141294133e-01 1.117249000000001047e+00 1.132197873799725557e-01 1.560249999999999970e-01 3.451751123456785919e+00 4.756760999999998241e+00
1.000000000000000000e+00 1.106449999999999889e+01 6.345000000000000639e-01 -1.999999999999999778e+00 4.237600061353005374e-15 1.200499999999999901e+00 8.315000000000000169e-01 -2.000000000000000000e+00 3.862366350585471414e-16 6.211000000000000298e+00 7.789999999999999147e-01 -2.000000000000000000e+00 0.000000000000000000e+00 2.921402499999989910e-01 4.025902499999992057e-01 5.017098768861455449e-01 6.913922500000001525e-01 4.403551289437583338e-01 6.068409999999998528e-01
1.000000000000000000e+00 1.132649999999999935e+01 3.066500000000000448e+00 -2.000000000000000000e+00 8.624408939632531677e-16 7.006499999999999950e+00 1.234499999999999709e+00 -2.000000000000000000e+00 0.000000000000000000e+00 4.236499999999999488e+00 1.765000000000003233e-01 -2.000000000000000000e+00 7.493069151708050556e-15 6.823608189643353583e+00 9.403422250000005533e+00 1.105885929012345281e+00 1.523990249999999103e+00 2.260567935528115177e-02 3.115224999999998551e-02
1.000000000000000000e+00 1.309600000000000009e+01 1.286999999999999922e+00 -2.000000000000000000e+00 -1.979056466618258712e-15 5.506499999999999950e+00 2.128499999999999837e+00 -2.000000000000000000e+00 0.000000000000000000e+00 3.834999999999999964e+00 2.407000000000000028e+00 -2.000000000000000000e+00 0.000000000000000000e+00 1.201946777777779474e+00 1.656369000000001757e+00 3.287573361111109538e+00 4.530512249999999241e+00 4.204170536351164777e+00 5.793649000000001159e+00
1.000000000000000000e+00 6.650999999999999801e+00 1.080000000000000959e-01 -2.000000000000000000e+00 1.239371482036467137e-14 1.150000000000000050e-01 4.700000000000000011e-02 -2.000000000000000000e+00 0.000000000000000000e+00 1.184699999999999953e+01 1.470000000000002416e-01 -2.000000000000000000e+00 0.000000000000000000e+00 8.464000000000094712e-03 1.166400000000010310e-02 1.602964334705074762e-03 2.209000000000000460e-03 1.568060493827165558e-02 2.160900000000006912e-02
1.000000000000000000e+00 -6.026499999999999524e+00 3.247499999999999609e+00 -2.000000000000000000e+00 0.000000000000000000e+00 1.216699999999999982e+01 2.404999999999999361e+00 -2.000000000000000000e+00 0.000000000000000000e+00 1.536599999999999966e+01 1.483000000000000540e+00 -2.000000000000000000e+00 0.000000000000000000e+00 7.652907484567897711e+00 1.054625624999999722e+01 4.197186865569269898e+00 5.784024999999997085e+00 1.595917532235940683e+00 2.199289000000001604e+00
1.000000000000000000e+00 5.272999999999999687e+00 1.578000000000000069e+00 -2.000000000000000000e+00 3.955644635867784145e-16 2.846999999999999975e+00 7.250000000000000888e-01 -2.000000000000000000e+00 0.000000000000000000e+00 1.231600000000000072e+01 8.460000000000000853e-01 -2.000000000000000000e+00 0.000000000000000000e+00 1.806933382716049641e+00 2.490084000000001296e+00 3.814206104252400586e-01 5.256250000000001199e-01 5.193604444444444024e-01 7.157160000000002409e-01
1.000000000000000000e+00 9.169999999999999929e+00 6.999999999999673150e-03 -2.000000000000000000e+00 0.000000000000000000e+00 2.966499999999999915e+00 1.058500000000000218e+00 -2.000000000000000000e+00 6.552932323896188885e-16 6.930500000000000327e+00 1.523500000000000298e+00 -2.000000000000000000e+00 0.000000000000000000e+00 3.555692729766471021e-05 4.899999999999543122e-05 8.130361731824422566e-01 1.120422250000000952e+00 1.684275226680384208e+00 2.321052250000001038e+00
1.000000000000000000e+00 6.855000000000000426e+00 1.063000000000000167e+00 -2.000000000000000000e+00 -1.294012500994150361e-15 5.700999999999999623e+00 4.070000000000000284e-01 -2.000000000000000000e+00 0.000000000000000000e+00 5.718999999999999417e+00 6.199999999999983302e-02 -2.000000000000000000e+00 2.149497862187426559e-14 8.199637873799735521e-01 1.129969000000001111e+00 1.202034581618655618e-01 1.656490000000000185e-01 2.789404663923213384e-03 3.844000000000025782e-03
1.000000000000000000e+00 7.879500000000000171e+00 1.018499999999999961e+00 -2.000000000000000000e+00 -1.366062224755757175e-15 7.821999999999999176e+00 5.219999999999997975e-01 -1.999999999999999778e+00 2.536775775278227441e-15 5.333999999999999631e+00 8.260000000000000675e-01 -2.000000000000000000e+00 1.674514889487791998e-15 7.527490401234557815e-01 1.037342249999999133e+00 1.977284444444438460e-01 2.724839999999993934e-01 4.950946556927303122e-01 6.822760000000007707e-01
1.000000000000000000e+00 1.066999999999999993e+01 4.239999999999994884e-01 -2.000000000000000000e+00 0.000000000000000000e+00 2.391999999999999904e+00 1.417000000000000259e+00 -2.000000000000000000e+00 4.682544627031263104e-16 6.491500000000000270e+00 4.575000000000000178e-01 -2.000000000000000000e+00 -2.898524284052899149e-15 1.304547379972561538e-01 1.797759999999995750e-01 1.457027820301782572e+00 2.007888999999999591e+00 1.518834104938267815e-01 2.093062499999996939e-01
1.000000000000000000e+00 9.121999999999999886e+00 1.839999999999992752e-01 -2.000000000000000000e+00 0.000000000000000000e+00 -3.012999999999999901e+00 9.899999999999997691e-02 -2.000000000000000000e+00 -6.704338595539138951e-15 1.231350000000000122e+01 2.609499999999999709e+00 -1.999999999999999778e+00 -1.099641177116973362e-15 2.456765980795590568e-02 3.385599999999973353e-02 7.112111111111144544e-03 9.801000000000031909e-03 4.941317341906715122e+00 6.809490249999995193e+00
1.000000000000000000e+00 -6.674999999999999822e-01 3.593500000000000139e+00 -2.000000000000000000e+00 0.000000000000000000e+00 5.119500000000000384e+00 2.748500000000000387e+00 -2.000000000000000000e+00 -2.566635774422438548e-16 2.109299999999999997e+01 4.059999999999998721e+00 -2.000000000000000000e+00 0.000000000000000000e+00 9.370514609396430217e+00 1.291324225000000148e+01 5.481755062071330009e+00 7.554252250000002000e+00 1.196135034293551946e+01 1.648359999999998493e+01
1.000000000000000000e+00 8.374499999999999389e+00 5.805000000000002380e-01 -2.000000000000000000e+00 2.341140675019605848e-15 1.811999999999999833e+00 5.879999999999999671e-01 -1.999999999999999778e+00 6.143710939520691490e-16 8.893499999999999517e+00 5.849999999999955236e-02 -2.000000000000000000e+00 4.555832539338536554e-14 2.445302500000005597e-01 3.369802500000007583e-01 2.508896790123454346e-01 3.457439999999999403e-01 2.483361111110984031e-03 3.422249999999859866e-03
1.000000000000000000e+00 7.417500000000000426e+00 3.904999999999998472e-01 -2.000000000000000000e+00 -3.379287410889206976e-15 4.299500000000000099e+00 2.785000000000001918e-01 -2.000000000000000000e+00 0.000000000000000000e+00 4.958000000000000185e+00 4.300000000000014921e-02 -2.000000000000000000e+00 0.000000000000000000e+00 1.106547904663925108e-01 1.524902500000001881e-01 5.628316906721543555e-02 7.756225000000009639e-02 1.341729766803850072e-03 1.849000000000012743e-03
1.000000000000000000e+00 6.216499999999999915e+00 2.484999999999999432e-01 -2.000000000000000000e+00 0.000000000000000000e+00 6.038000000000000256e+00 8.800000000000007816e-02 -2.000000000000000000e+00 0.000000000000000000e+00 6.374500000000000277e+00 1.345000000000000639e-01 -2.000000000000000000e+00 0.000000000000000000e+00 4.481061762688611644e-02 6.175224999999996689e-02 5.619445816186564337e-03 7.744000000000014761e-03 1.312721844993142151e-02 1.809025000000001951e-02
1.000000000000000000e+00 1.162749999999999950e+01 5.525000000000002132e-01 -2.000000000000000000e+00 0.000000000000000000e+00 6.397999999999999687e+00 7.869999999999999218e-01 -2.000000000000000000e+00 0.000000000000000000e+00 5.157999999999999474e+00 3.560000000000003162e-01 -2.000000000000000000e+00 3.767960467182922990e-15 2.215096793552813470e-01 3.052562500000002288e-01 4.494460919067213567e-01 6.193689999999998363e-01 9.196617832647450974e-02 1.267359999999999598e-01
1.000000000000000000e+00 8.670999999999999375e+00 7.299999999999999822e-01 -1.999999999999999556e+00 1.783699402315895920e-15 -1.061999999999999833e+00 2.293000000000000149e+00 -2.000000000000000000e+00 0.000000000000000000e+00 7.259500000000000064e+00 4.615000000000000213e-01 -2.000000000000000000e+00 0.000000000000000000e+00 3.866997256515779524e-01 5.329000000000004844e-01 3.815366421124828378e+00 5.257849000000001105e+00 1.545509056927297231e-01 2.129822500000000673e-01
1.000000000000000000e+00 6.262500000000000178e+00 3.464500000000000135e+00 -2.000000000000000000e+00 0.000000000000000000e+00 -4.189499999999999780e+00 2.724999999999999645e-01 -2.000000000000000000e+00 0.000000000000000000e+00 1.401800000000000068e+01 4.633000000000000007e+00 -2.000000000000000000e+00 -5.716014083646785263e-16 8.709821909807953233e+00 1.200276025000000146e+01 5.388416495198899286e-02 7.425624999999999587e-02 1.557588543347049637e+01 2.146468899999999635e+01
1.000000000000000000e+00 1.506000000000000005e+00 1.824999999999999956e+00 -2.000000000000000000e+00 0.000000000000000000e+00 -3.359500000000000153e+00 1.112500000000000266e+00 -2.000000000000000000e+00 0.000000000000000000e+00 1.669849999999999923e+01 3.725499999999999368e+00 -1.999999999999999778e+00 6.870787311057671825e-16 2.416873285322358900e+00 3.330624999999999947e+00 8.981072102194787021e-01 1.237656250000001013e+00 1.007157240363510553e+01 1.387935024999999101e+01
1.000000000000000000e+00 1.326449999999999996e+01 1.374999999999992895e-01 -2.000000000000000000e+00 0.000000000000000000e+00 -3.685000000000000497e+00 7.230000000000000870e-01 -2.000000000000000000e+00 8.812854350941111081e-16 5.955499999999999794e+00 6.295000000000001705e-01 -2.000000000000000000e+00 0.000000000000000000e+00 1.371935013717406719e-02 1.890624999999980863e-02 3.793191234567904191e-01 5.227290000000004433e-01 2.875541320301784332e-01 3.962702500000002681e-01
1.000000000000000000e+00 1.164699999999999847e+01 1.200000000000001066e-01 -2.000000000000000000e+00 2.227382935372413286e-14 4.415000000000000036e+00 1.647000000000000242e+00 -2.000000000000000000e+00 0.000000000000000000e+00 1.870500000000000052e+00 9.545000000000000151e-01 -2.000000000000000000e+00 1.276681107319297573e-16 1.044938271604958085e-02 1.440000000000020777e-02 1.968409000000000075e+00 2.712609000000000936e+00 6.611195641289436820e-01 9.110702500000000814e-01
1.000000000000000000e+00 1.340450000000000053e+01 6.524999999999998579e-01 -2.000000000000000000e+00 0.000000000000000000e+00 7.157999999999999474e+00 1.316999999999999726e+00 -2.000000000000000000e+00 9.720372331982227784e-16 7.630000000000000115e-01 1.157999999999999918e+00 -2.000000000000000000e+00 0.000000000000000000e+00 3.089506944444442293e-01 4.257562499999998362e-01 1.258634679012343938e+00 1.734488999999998615e+00 9.730726419753082945e-01 1.340963999999999823e+00
1.000000000000000000e+00 1.005249999999999844e+01 3.464999999999998082e-01 -2.000000000000000000e+00 7.755922900028959367e-15 6.864999999999999991e-01 1.145000000000000462e-01 -2.000000000000000000e+00 0.000000000000000000e+00 7.417999999999999261e+00 1.121999999999999442e+00 -2.000000000000000000e+00 1.179024739781359816e-15 8.712336111111046444e-02 1.200622499999993431e-01 9.513473593964339239e-03 1.311025000000001252e-02 9.135111604938267460e-01 1.258883999999999892e+00
1.000000000000000000e+00 1.801000000000000156e+00 4.576999999999999957e+00 -2.000000000000000000e+00 0.000000000000000000e+00 4.912499999999999645e+00 2.435500000000000220e+00 -1.999999999999999778e+00 2.459211077323583961e-16 1.386050000000000004e+01 2.785500000000000753e+00 -2.000000000000000000e+00 0.000000000000000000e+00 1.520162337585733248e+01 2.094892900000000324e+01 4.304318617626885946e+00 5.931660250000001078e+00 5.630338027777780141e+00 7.759010250000004660e+00
1.000000000000000000e+00 6.696500000000000341e+00 7.414999999999998259e-01 -2.000000000000000000e+00 -1.838148256112616145e-15 2.985000000000000320e+00 1.024000000000000021e+00 -2.000000000000000000e+00 -3.101927297073852795e-16 1.281749999999999901e+01 1.977500000000000036e+00 -2.000000000000000000e+00 1.378262647203568902e-15 3.989793830589841162e-01 5.498222499999991797e-01 7.609008285322357290e-01 1.048575999999999953e+00 2.837665029149516460e+00 3.910506249999997852e+00
1.000000000000000000e+00 9.940000000000001279e+00 6.550000000000002487e-01 -2.000000000000000000e+00 -4.049581979522302382e-15 3.285000000000000142e+00 1.359999999999998987e-01 -1.999999999999999778e+00 -4.913584163799637398e-15 7.587500000000000355e+00 1.592499999999999805e+00 -2.000000000000000000e+00 -9.896335442490265287e-16 3.113226680384099665e-01 4.290250000000013775e-01 1.342165157750335389e-02 1.849599999999992223e-02 1.840293218449931656e+00 2.536056250000001011e+00
1.000000000000000000e+00 1.482799999999999940e+01 5.780000000000002913e-01 -2.000000000000000000e+00 4.671432567981152489e-15 9.852999999999999758e+00 4.220000000000005969e-01 -2.000000000000000000e+00 0.000000000000000000e+00 7.609999999999998987e-01 2.859999999999999765e-01 -1.999999999999999778e+00 5.932286859229896606e-16 2.424285816186567688e-01 3.340840000000012133e-01 1.292269355281210619e-01 1.780840000000005197e-01 5.935539643347045868e-02 8.179599999999996596e-02
1.000000000000000000e+00 9.352499999999999147e+00 2.035000000000000142e-01 -2.000000000000000000e+00 0.000000000000000000e+00 4.548499999999999766e+00 9.024999999999998579e-01 -2.000000000000000000e+00 0.000000000000000000e+00 6.946999999999999176e+00 1.149999999999999911e+00 -2.000000000000000000e+00 1.240982422528325293e-15 3.005086454046639044e-02 4.141225000000000461e-02 5.910477451989023523e-01 8.145062499999997652e-01 9.596742112482856690e-01 1.322500000000000897e+00
1.000000000000000000e+00 9.133499999999999730e+00 2.074999999999995737e-01 -2.000000000000000000e+00 0.000000000000000000e+00 4.084999999999999742e-01 4.445000000000000062e-01 -2.000000000000000000e+00 2.370261192168112378e-16 9.753000000000000114e+00 5.890000000000004121e-01 -2.000000000000000000e+00 0.000000000000000000e+00 3.124383573388189728e-02 4.305624999999982383e-02 1.433744200960218873e-01 1.975802499999999573e-01 2.517437709190675221e-01 3.469210000000004790e-01
1.000000000000000000e+00 7.355000000000000426e-01 5.769499999999999851e+00 -2.000000000000000000e+00 0.000000000000000000e+00 5.949500000000000455e+00 3.177500000000000213e+00 -2.000000000000000000e+00 -3.322192436609053006e-16 2.468449999999999989e+01 3.674999999999997158e-01 -2.000000000000000000e+00 0.000000000000000000e+00 2.415485857647461643e+01 3.328713024999999703e+01 7.326545687585735323e+00 1.009650625000000446e+01 9.800378086419736512e-02 1.350562499999997945e-01
1.000000000000000000e+00 1.413299999999999912e+01 4.810000000000007603e-01 -2.000000000000000000e+00 5.549387156200111995e-15 1.579499999999999904e+00 6.274999999999999467e-01 -2.000000000000000000e+00 0.000000000000000000e+00 6.047000000000000597e+00 2.516000000000000458e+00 -2.000000000000000000e+00 -2.230633898539614355e-16 1.678874746227706771e-01 2.313610000000000666e-01 2.857298439643345955e-01 3.937562499999999188e-01 4.593560252400549437e+00 6.330256000000002103e+00
1.000000000000000000e+00 1.187699999999999889e+01 1.369999999999995666e-01 -2.000000000000000444e+00 1.948007152998082195e-14 6.088000000000000078e+00 4.370000000000002771e-01 -2.000000000000000000e+00 0.000000000000000000e+00 5.825000000000000178e-01 1.655000000000000082e-01 -2.000000000000000000e+00 -4.783505465348668167e-16 1.361975445816198185e-02 1.876900000000009117e-02 1.385769561042525522e-01 1.909690000000002497e-01 1.987577812071331107e-02 2.739025000000000834e-02
1.000000000000000000e+00 1.353149999999999942e+01 5.625000000000000000e-01 -2.000000000000000000e+00 0.000000000000000000e+00 7.119999999999999218e+00 6.499999999999999112e-01 -1.999999999999999778e+00 2.021343695266558023e-15 1.082500000000000018e+00 1.646500000000000075e+00 -2.000000000000000000e+00 0.000000000000000000e+00 2.296006944444443920e-01 3.164062500000000000e-01 3.065877914951982697e-01 4.224999999999993761e-01 1.967214033264746309e+00 2.710962250000000129e+00
1.000000000000000000e+00 9.386500000000001620e+00 2.724999999999999645e-01 -2.000000000000000000e+00 -9.773173018308307172e-15 7.880000000000000338e-01 7.840000000000000302e-01 -2.000000000000000000e+00 0.000000000000000000e+00 9.338000000000000966e+00 6.640000000000005898e-01 -2.000000000000000000e+00 -3.981945308689342320e-15 5.388416495198942308e-02 7.425625000000038445e-02 4.460260960219477600e-01 6.146560000000000912e-01 3.199368779149515118e-01 4.408959999999997881e-01
1.000000000000000000e+00 -2.137499999999999734e+00 2.627499999999999947e+00 -2.000000000000000000e+00 -2.937807214991351239e-16 9.172499999999999432e+00 2.822499999999999787e+00 -2.000000000000000000e+00 0.000000000000000000e+00 1.889999999999999858e+01 3.756999999999999673e+00 -2.000000000000000000e+00 1.406876313040396314e-15 5.009721613511660010e+00 6.903756249999998929e+00 5.780907827503427576e+00 7.966506249999999234e+00 1.024260757338821115e+01 1.411504900000000973e+01
1.000000000000000000e+00 1.011749999999999972e+01 7.575000000000002842e-01 -2.000000000000000000e+00 0.000000000000000000e+00 4.180500000000000327e+00 6.305000000000000604e-01 -2.000000000000000000e+00 -2.104013716307186072e-15 1.071349999999999980e+01 7.264999999999997016e-01 -2.000000000000000000e+00 0.000000000000000000e+00 4.163834104938273772e-01 5.738062500000005173e-01 2.884684530178330819e-01 3.975302500000006400e-01 3.830005353223589482e-01 5.278022499999995842e-01
1.000000000000000000e+00 1.097400000000000020e+01 1.195999999999999730e+00 -2.000000000000000000e+00 0.000000000000000000e+00 4.115999999999999659e+00 1.340999999999999970e+00 -1.999999999999999778e+00 5.524654740903497072e-16 2.527499999999999858e+00 1.455500000000000016e+00 -2.000000000000000000e+00 4.320707298699097909e-16 1.037983626886144872e+00 1.430415999999999244e+00 1.304925444444444693e+00 1.798281000000000462e+00 1.537278535322358586e+00 2.118480249999999732e+00
1.000000000000000000e+00 1.239700000000000024e+01 6.720000000000005969e-01 -2.000000000000000000e+00 0.000000000000000000e+00 8.343999999999999417e+00 1.900000000000012790e-02 -2.000000000000000000e+00 0.000000000000000000e+00 1.689999999999999947e+00 1.199999999999999956e-01 -2.000000000000000000e+00 2.823443157514334595e-15 3.276926419753091180e-01 4.515840000000009291e-01 2.619602194787414885e-04 3.610000000000048175e-04 1.044938271604935881e-02 1.439999999999997879e-02
1.000000000000000000e+00 8.806499999999999773e+00 1.044999999999998153e-01 -2.000000000000000000e+00 0.000000000000000000e+00 4.657999999999999474e+00 9.110000000000000320e-01 -2.000000000000000000e+00 1.468436256350217025e-15 4.848000000000000753e+00 7.170000000000000817e-01 -2.000000000000000000e+00 -1.882490443395411822e-15 7.924296639231793310e-03 1.092024999999996124e-02 6.022334828532228679e-01 8.299209999999993537e-01 3.730494938271599614e-01 5.140889999999995741e-01
3.000000000000000000e+00 -2.449500000000000011e+00 3.499999999999836575e-03 -2.000000000000000000e+00 0.000000000000000000e+00 7.990000000000000213e+00 7.799999999999984723e-02 -2.000000000000000000e+00 -1.702090853060792953e-14 5.046499999999999986e+00 1.449999999999995737e-02 -2.000000000000000000e+00 0.000000000000000000e+00 8.889231824416177552e-06 1.224999999999885780e-05 4.414864197530787848e-03 6.083999999999916732e-03 1.525682441700950927e-04 2.102499999999987680e-04
3.000000000000000000e+00 -1.765499999999999847e+00 1.375000000000000666e-01 -2.000000000000000000e+00 -2.335555573967267518e-15 7.818500000000000227e+00 6.749999999999989342e-02 -2.000000000000000000e+00 0.000000000000000000e+00 5.560999999999999943e+00 1.710000000000002629e-01 -2.000000000000000000e+00 0.000000000000000000e+00 1.371935013717419730e-02 1.890624999999998904e-02 3.306249999999988885e-03 4.556249999999986526e-03 2.121877777777783983e-02 2.924100000000008984e-02
3.000000000000000000e+00 -1.620000000000000107e+00 2.300000000000000933e-01 -2.000000000000000000e+00 1.425761055294489197e-15 8.009999999999999787e+00 2.299999999999968736e-02 -2.000000000000000000e+00 0.000000000000000000e+00 5.145500000000000185e+00 2.175000000000002487e-01 -2.000000000000000000e+00 0.000000000000000000e+00 3.838696844993139817e-02 5.290000000000000258e-02 3.838696844993035994e-04 5.289999999999856449e-04 3.432785493827168050e-02 4.730625000000011210e-02
3.000000000000000000e+00 -1.293999999999999817e+00 7.159999999999999698e-01 -2.000000000000000000e+00 -3.024622391068440205e-16 7.990999999999999659e+00 1.880000000000001670e-01 -2.000000000000000000e+00 7.114153222366411587e-15 6.567499999999999893e+00 4.855000000000000426e-01 -2.000000000000000000e+00 0.000000000000000000e+00 3.720096351165979032e-01 5.126559999999997785e-01 2.564742935528138701e-02 3.534400000000020858e-02 1.710435147462276984e-01 2.357102500000000100e-01
3.000000000000000000e+00 -5.074499999999999567e+00 2.086499999999999577e+00 -2.000000000000000000e+00 -2.933366341178312112e-16 8.965500000000000469e+00 4.184999999999998721e-01 -2.000000000000000000e+00 0.000000000000000000e+00 8.839499999999999247e+00 1.616499999999999826e+00 -1.999999999999999778e+00 9.462057954215292192e-16 3.159111262345678295e+00 4.353482249999999887e+00 1.270922499999999067e-01 1.751422499999999161e-01 1.896180000342935656e+00 2.613072250000000984e+00
3.000000000000000000e+00 -2.994500000000000384e+00 5.603500000000000369e+00 -2.000000000000000000e+00 0.000000000000000000e+00 1.603000000000000203e+00 5.480000000000000426e+00 -2.000000000000000000e+00 0.000000000000000000e+00 2.091000000000000192e+00 5.813000000000000611e+00 -2.000000000000000000e+00 -2.170403521032207961e-16 2.278488790157750188e+01 3.139921225000000859e+01 2.179160713305898156e+01 3.003040000000001086e+01 2.452046996021948289e+01 3.379096900000000403e+01
3.000000000000000000e+00 8.615999999999999659e+00 2.294000000000000039e+00 -2.000000000000000000e+00 5.885860477875936268e-16 3.572499999999999787e+00 2.571500000000000341e+00 -1.999999999999999778e+00 3.133948685881093353e-16 -4.764000000000000234e+00 5.113000000000000433e+00 -2.000000000000000000e+00 0.000000000000000000e+00 3.818694984910834922e+00 5.262435999999998337e+00 4.798452510631000756e+00 6.612612250000003300e+00 1.897054156515775247e+01 2.614276900000000481e+01
3.000000000000000000e+00 1.296799999999999997e+01 2.119999999999997442e-01 -2.000000000000000000e+00 0.000000000000000000e+00 1.573999999999999844e+00 1.820000000000000506e-01 -1.999999999999999778e+00 1.726503019599486246e-15 -6.254999999999999449e-01 6.065000000000000391e-01 -2.000000000000000000e+00 -2.488214511133963129e-16 3.261368449931403846e-02 4.494399999999989376e-02 2.403648285322356956e-02 3.312399999999997985e-02 2.669253089849108473e-01 3.678422500000000372e-01
3.000000000000000000e+00 1.004749999999999943e+01 3.894999999999999574e-01 -2.000000000000000000e+00 0.000000000000000000e+00 1.274000000000000021e+00 1.480000000000000204e-01 -2.000000000000000000e+00 -2.274228196288172198e-15 -1.791500000000000092e+00 1.985000000000000098e-01 -1.999999999999999778e+00 1.774347624928905058e-15 1.100887822359395835e-01 1.517102499999999632e-01 1.589467215363514138e-02 2.190400000000003802e-02 2.859230486968445187e-02 3.940224999999997202e-02
3.000000000000000000e+00 9.423000000000000043e+00 8.399999999999963052e-02 -2.000000000000000000e+00 0.000000000000000000e+00 8.225000000000000089e-01 3.949999999999997957e-02 -2.000000000000000000e+00 0.000000000000000000e+00 -1.549999999999999822e+00 2.169999999999999707e-01 -2.000000000000000000e+00 -1.612778256232675300e-15 5.120197530864152059e-03 7.055999999999938189e-03 1.132197873799724135e-03 1.560249999999998704e-03 3.417020713305892604e-02 4.708899999999994340e-02
3.000000000000000000e+00 9.307500000000000995e+00 3.249999999999975131e-02 -2.000000000000000000e+00 -8.191969077496489806e-14 7.115000000000000213e-01 1.365000000000000102e-01 -2.000000000000000000e+00 -1.193631717253966233e-15 -1.056499999999999995e+00 2.004999999999999560e-01 -1.999999999999999778e+00 8.608889159998411336e-16 7.664694787380345493e-04 1.056250000000032857e-03 1.352052160493828065e-02 1.863225000000001685e-02 2.917137482853223926e-02 4.020024999999999987e-02
3.000000000000000000e+00 9.756499999999999062e+00 2.425000000000006040e-01 -2.000000000000000000e+00 1.094806926645834168e-14 -1.117499999999999938e+00 4.074999999999999734e-01 -2.000000000000000000e+00 0.000000000000000000e+00 -5.969999999999999751e-01 2.120000000000000218e-01 -2.000000000000000000e+00 -8.192853456519086339e-16 4.267284807956087805e-02 5.880624999999993496e-02 1.204989797668038071e-01 1.660562499999999886e-01 3.261368449931410091e-02 4.494399999999999784e-02
3.000000000000000000e+00 9.099999999999999645e+00 3.899999999999970157e-02 -2.000000000000000000e+00 0.000000000000000000e+00 -2.570500000000000007e+00 3.875000000000001776e-01 -2.000000000000000000e+00 0.000000000000000000e+00 -1.272499999999999964e+00 4.645000000000000240e-01 -2.000000000000000000e+00 -6.923617901659199767e-16 1.103716049382698914e-03 1.520999999999976798e-03 1.089611196844993968e-01 1.501562500000001299e-01 1.565667657750343666e-01 2.157602500000001811e-01
3.000000000000000000e+00 9.359500000000000597e+00 1.364999999999998437e-01 -2.000000000000000000e+00 0.000000000000000000e+00 -5.467999999999999972e+00 7.249999999999996447e-01 -2.000000000000000000e+00 0.000000000000000000e+00 -5.762000000000000455e+00 1.827000000000000179e+00 -2.000000000000000000e+00 3.641032734196148886e-16 1.352052160493823901e-02 1.863224999999995440e-02 3.814206104252395590e-01 5.256249999999995648e-01 2.422173444444443824e+00 3.337928999999999924e+00
3.000000000000000000e+00 8.995499999999999829e+00 2.694999999999998508e-01 -2.000000000000000000e+00 9.925947411228634265e-15 -5.798999999999999488e+00 6.389999999999997904e-01 -1.999999999999999778e+00 -2.127539635728458538e-15 -4.384000000000000341e+00 2.810000000000001386e-01 -2.000000000000000000e+00 4.769151635990987088e-15 5.270425548696878321e-02 7.263025000000032649e-02 2.962987777777770781e-01 4.083209999999992679e-01 5.729817421124854676e-02 7.896100000000029484e-02
3.000000000000000000e+00 9.315500000000000114e+00 2.825000000000006395e-01 -2.000000000000000000e+00 0.000000000000000000e+00 -3.362999999999999989e+00 2.259999999999999787e-01 -2.000000000000000000e+00 0.000000000000000000e+00 -3.040999999999999925e+00 8.269999999999999574e-01 -2.000000000000000000e+00 0.000000000000000000e+00 5.791153120713331270e-02 7.980625000000035607e-02 3.706337997256514694e-02 5.107599999999999640e-02 4.962941577503428570e-01 6.839289999999998981e-01
3.000000000000000000e+00 8.070999999999999730e+00 1.367000000000000437e+00 -1.999999999999999778e+00 1.043075939774380971e-15 -1.181000000000000050e+00 7.890000000000000346e-01 -1.999999999999999778e+00 2.825460454191274671e-16 3.653000000000000469e+00 1.553000000000000158e+00 -2.000000000000000000e+00 -4.149768773009533941e-16 1.356017120713307378e+00 1.868689000000002487e+00 4.517333456790120771e-01 6.225209999999999910e-01 1.750133005486967930e+00 2.411809000000000314e+00
3.000000000000000000e+00 7.650500000000000078e+00 3.249999999999975131e-02 -2.000000000000000000e+00 0.000000000000000000e+00 3.096499999999999808e+00 8.655000000000001581e-01 -2.000000000000000000e+00 7.705867318444836664e-16 6.041999999999999815e+00 6.770000000000000462e-01 -2.000000000000000000e+00 1.878466814739957243e-15 7.664694787379853266e-04 1.056249999999984068e-03 5.435785216049386914e-01 7.490902500000007347e-01 3.325871618655698025e-01 4.583290000000005415e-01
3.000000000000000000e+00 4.315500000000000114e+00 3.049999999999997158e-02 -2.000000000000000000e+00 0.000000000000000000e+00 2.253000000000000114e+00 1.859999999999999432e-01 -2.000000000000000000e+00 0.000000000000000000e+00 9.274000000000000909e+00 1.330000000000000071e-01 -2.000000000000000000e+00 -2.009286376111911100e-14 6.750373799725636892e-04 9.302499999999982441e-04 2.510464197530862251e-02 3.459599999999998093e-02 1.283605075445795954e-02 1.768899999999980557e-02
3.000000000000000000e+00 3.544500000000000206e+00 4.415000000000000036e-01 -2.000000000000000000e+00 0.000000000000000000e+00 4.227000000000000313e+00 9.399999999999986144e-02 -2.000000000000000000e+00 -1.416303898397726794e-14 7.883000000000000007e+00 7.740000000000000213e-01 -2.000000000000000000e+00 0.000000000000000000e+00 1.414456382030178094e-01 1.949222499999999914e-01 6.411857338820352824e-03 8.836000000000045207e-03 4.347204444444443538e-01 5.990760000000001639e-01
3.000000000000000000e+00 5.067499999999999893e+00 4.775000000000000355e-01 -2.000000000000000000e+00 0.000000000000000000e+00 7.262999999999999901e+00 8.879999999999999005e-01 -2.000000000000000000e+00 0.000000000000000000e+00 7.866500000000000270e+00 1.394999999999999574e-01 -2.000000000000000000e+00 0.000000000000000000e+00 1.654530949931412864e-01 2.280062500000000214e-01 5.722081975308638269e-01 7.885440000000000227e-01 1.412136111111110016e-02 1.946024999999998797e-02
3.000000000000000000e+00 3.234999999999999876e+00 9.510000000000000675e-01 -2.000000000000000000e+00 0.000000000000000000e+00 6.843999999999999417e+00 4.700000000000001954e-01 -2.000000000000000000e+00 2.807022952179221019e-15 3.552999999999999936e+00 3.469999999999999751e-01 -2.000000000000000000e+00 0.000000000000000000e+00 6.562800123456790091e-01 9.044010000000003435e-01 1.602964334705072880e-01 2.208999999999998465e-01 8.737498079561040187e-02 1.204089999999999744e-01
3.000000000000000000e+00 -2.851500000000000146e+00 9.055000000000000826e-01 -2.000000000000000000e+00 2.990713847119453139e-16 3.232000000000000206e+00 5.669999999999999485e-01 -1.999999999999999778e+00 -1.218122734627022681e-15 5.665000000000000036e-01 8.594999999999999307e-01 -2.000000000000000000e+00 0.000000000000000000e+00 5.949836793552810699e-01 8.199302499999999716e-01 2.332890000000000796e-01 3.214890000000001913e-01 5.360680277777776226e-01 7.387402499999998762e-01
3.000000000000000000e+00 8.904999999999999583e-01 2.851500000000000146e+00 -2.000000000000000000e+00 0.000000000000000000e+00 -1.063500000000000112e+00 1.903499999999999970e+00 -2.000000000000000000e+00 1.287779695757798816e-16 9.340500000000000469e+00 6.974999999999997868e-01 -2.000000000000000000e+00 0.000000000000000000e+00 5.900310891975308003e+00 8.131052250000001536e+00 2.629262249999999135e+00 3.623312249999999235e+00 3.530340277777774260e-01 4.865062499999997514e-01
3.000000000000000000e+00 6.456500000000000128e+00 1.459500000000000242e+00 -2.000000000000000000e+00 0.000000000000000000e+00 -4.157500000000000639e+00 1.319500000000000117e+00 -2.000000000000000000e+00 1.063174929286078098e-15 2.107100000000000151e+01 5.174000000000000377e+00 -1.999999999999999778e+00 -5.129923995032756279e-16 1.545739632716049528e+00 2.130140250000001068e+00 1.263417629972564127e+00 1.741080249999999330e+00 1.942589300960219134e+01 2.677027599999999197e+01
3.000000000000000000e+00 6.373000000000000220e+00 2.876999999999999780e+00 -1.999999999999999778e+00 -1.491903120927460783e-16 -1.492300000000000004e+01 1.509999999999999787e+00 -2.000000000000000000e+00 0.000000000000000000e+00 2.416750000000000043e+01 2.474499999999999034e+00 -2.000000000000000000e+00 0.000000000000000000e+00 6.006311716049379967e+00 8.277128999999998626e+00 1.654558161865568700e+00 2.280099999999999572e+00 4.443273638203013576e+00 6.123150249999995687e+00
3.000000000000000000e+00 2.246450000000000102e+01 2.882500000000000284e+00 -2.000000000000000000e+00 0.000000000000000000e+00 -7.871999999999999886e+00 4.975999999999999979e+00 -2.000000000000000000e+00 -2.306795417863389042e-16 -7.940500000000000114e+00 2.188499999999999890e+00 -2.000000000000000000e+00 5.931418999380025964e-16 6.029298362482852447e+00 8.308806250000003502e+00 1.796755103429354961e+01 2.476057600000000036e+01 3.475531632716046371e+00 4.789532249999998825e+00
3.000000000000000000e+00 1.420100000000000051e+01 1.275999999999999801e+00 -2.000000000000000000e+00 0.000000000000000000e+00 5.974499999999999922e+00 1.296499999999999986e+00 -2.000000000000000000e+00 0.000000000000000000e+00 -1.455500000000000016e+00 1.854500000000000037e+00 -2.000000000000000000e+00 0.000000000000000000e+00 1.181488482853222832e+00 1.628175999999999846e+00 1.219756625857338683e+00 1.680912249999999997e+00 2.495639317215363473e+00 3.439170250000000095e+00
3.000000000000000000e+00 5.980500000000000149e+00 5.804999999999997939e-01 -2.000000000000000000e+00 0.000000000000000000e+00 3.618999999999999773e+00 1.649999999999998135e-01 -1.999999999999999778e+00 4.054783982582083011e-15 4.793499999999999872e+00 3.849999999999997868e-02 -2.000000000000000000e+00 0.000000000000000000e+00 2.445302499999997548e-01 3.369802499999997591e-01 1.975586419753075362e-02 2.722499999999987777e-02 1.075597050754456812e-03 1.482249999999998326e-03
3.000000000000000000e+00 7.424999999999999822e+00 3.269999999999999574e-01 -2.000000000000000000e+00 0.000000000000000000e+00 2.972999999999999865e+00 1.750000000000000444e-01 -1.999999999999999778e+00 3.803242139750897702e-15 5.126500000000000057e+00 6.149999999999966604e-02 -2.000000000000000000e+00 0.000000000000000000e+00 7.759319753086417470e-02 1.069289999999999824e-01 2.222307956104246224e-02 3.062499999999995434e-02 2.744595679012314972e-03 3.782249999999959256e-03
3.000000000000000000e+00 6.931499999999999773e+00 1.049999999999995381e-02 -2.000000000000000000e+00 1.268582980068815607e-13 1.974499999999999922e+00 3.445000000000000284e-01 -2.000000000000000000e+00 0.000000000000000000e+00 5.859999999999999432e+00 3.100000000000000533e-01 -2.000000000000000000e+00 4.309003968389233282e-15 8.000308641974443415e-05 1.102499999999910653e-04 8.612051063100135961e-02 1.186802500000000288e-01 6.973511659807980767e-02 9.610000000000026854e-02
3.000000000000000000e+00 7.221500000000000696e+00 2.684999999999999609e-01 -2.000000000000000000e+00 -4.929014266926347074e-15 6.770000000000000462e-01 2.149999999999999967e-01 -2.000000000000000000e+00 -3.490959992909921050e-16 5.778999999999999915e+00 2.899999999999991473e-02 -2.000000000000000000e+00 0.000000000000000000e+00 5.231385493827137023e-02 7.209224999999977457e-02 3.354324417009602044e-02 4.622500000000001608e-02 6.102729766803803709e-04 8.409999999999950718e-04
3.000000000000000000e+00 8.018000000000000682e+00 2.139999999999995239e-01 -2.000000000000000000e+00 -1.247895023443725160e-14 -1.880500000000000060e+00 2.094999999999999085e-01 -2.000000000000000000e+00 1.509274244362906066e-15 6.962999999999999190e+00 1.819999999999999118e-01 -1.999999999999999778e+00 7.337637833297830892e-15 3.323193964334721778e-02 4.579600000000012827e-02 3.184902914951981412e-02 4.389024999999992238e-02 2.403648285322371181e-02 3.312400000000011169e-02
3.000000000000000000e+00 7.636000000000000121e+00 1.870000000000002771e-01 -2.000000000000000000e+00 0.000000000000000000e+00 -3.581500000000000128e+00 3.950000000000009059e-02 -2.000000000000000000e+00 1.693244698317643502e-14 6.963499999999999801e+00 6.550000000000011369e-02 -2.000000000000000000e+00 0.000000000000000000e+00 2.537531001371749056e-02 3.496900000000010417e-02 1.132197873799745819e-03 1.560250000000021906e-03 3.113226680384097774e-03 4.290250000000014538e-03
3.000000000000000000e+00 8.043499999999999872e+00 5.655000000000001137e-01 -2.000000000000000000e+00 0.000000000000000000e+00 -6.298000000000000043e+00 2.329999999999996518e-01 -2.000000000000000000e+00 0.000000000000000000e+00 8.452999999999999403e+00 2.389999999999998792e-01 -2.000000000000000000e+00 1.118199323376876592e-14 2.320562993827161025e-01 3.197902500000001647e-01 3.939489849108354647e-02 5.428899999999983739e-02 4.144994375857369989e-02 5.712100000000029654e-02
3.000000000000000000e+00 4.037499999999999645e+00 1.056500000000000217e+00 -2.000000000000000444e+00 1.318043553432020786e-15 -3.400000000000000355e+00 8.750000000000002220e-01 -2.000000000000000000e+00 7.457591395732823287e-16 8.837500000000000355e+00 5.649999999999977263e-02 -2.000000000000000000e+00 0.000000000000000000e+00 8.099666670096015153e-01 1.116192249999999886e+00 5.555769890260635613e-01 7.656250000000007772e-01 2.316461248285303469e-03 3.192249999999974188e-03
3.000000000000000000e+00 5.253000000000000114e+00 2.149999999999998579e-01 -2.000000000000000000e+00 0.000000000000000000e+00 2.210000000000000298e-01 8.489999999999999769e-01 -2.000000000000000000e+00 0.000000000000000000e+00 7.161999999999999922e+00 2.400000000000002132e-01 -2.000000000000000000e+00 0.000000000000000000e+00 3.354324417009597187e-02 4.622499999999993975e-02 5.230503827160492003e-01 7.208010000000001360e-01 4.179753086419760177e-02 5.760000000000011638e-02
3.000000000000000000e+00 5.584999999999999964e+00 9.400000000000030553e-02 -2.000000000000000000e+00 0.000000000000000000e+00 1.338999999999999968e+00 1.340000000000000080e-01 -1.999999999999999778e+00 2.433266280851419621e-15 8.674500000000000099e+00 2.499999999999502620e-03 -2.000000000000000000e+00 0.000000000000000000e+00 6.411857338820343283e-03 8.836000000000057350e-03 1.302979972565159947e-02 1.795600000000003096e-02 4.535322359394628326e-06 6.249999999997512564e-06
3.000000000000000000e+00 4.689999999999999503e+00 4.700000000000001954e-01 -2.000000000000000000e+00 2.807022952179221019e-15 2.371999999999999886e+00 3.489999999999999769e-01 -2.000000000000000000e+00 1.958823079256051692e-15 9.335499999999999687e+00 2.155000000000004690e-01 -2.000000000000000000e+00 0.000000000000000000e+00 1.602964334705072880e-01 2.208999999999998465e-01 8.838508779149530092e-02 1.218010000000001175e-01 3.369944067215377426e-02 4.644025000000021053e-02
3.000000000000000000e+00 5.535000000000000142e+00 5.469999999999997087e-01 -2.000000000000000000e+00 0.000000000000000000e+00 4.355500000000000149e+00 7.650000000000023448e-02 -2.000000000000000000e+00 0.000000000000000000e+00 6.185500000000000220e+00 2.324999999999999289e-01 -2.000000000000000000e+00 0.000000000000000000e+00 2.171214828532233021e-01 2.992089999999996697e-01 4.246694444444468718e-03 5.852250000000037110e-03 3.922600308641972094e-02 5.405624999999997238e-02
3.000000000000000000e+00 6.777000000000000135e+00 9.150000000000000355e-01 -2.000000000000000000e+00 0.000000000000000000e+00 6.390499999999999403e+00 1.217499999999999805e+00 -2.000000000000000000e+00 1.107326836276627179e-15 3.858999999999999986e+00 3.150000000000001688e-01 -2.000000000000000000e+00 2.109027249664857156e-15 6.075336419753085693e-01 8.372250000000001080e-01 1.075637868655693330e+00 1.482306250000000380e+00 7.200277777777772115e-02 9.922499999999999376e-02
3.000000000000000000e+00 1.050000000000000933e-02 8.605000000000000426e-01 -2.000000000000000000e+00 0.000000000000000000e+00 4.419500000000000206e+00 1.182500000000000107e+00 -2.000000000000000000e+00 0.000000000000000000e+00 7.160000000000000808e-01 9.000000000000001332e-01 -1.999999999999999778e+00 -1.522939677126414567e-16 5.373161484910837782e-01 7.404602500000000420e-01 1.014683136145404729e+00 1.398306250000000306e+00 5.877777777777777324e-01 8.100000000000000533e-01
3.000000000000000000e+00 -9.395000000000000018e-01 7.850000000000001421e-02 -2.000000000000000000e+00 0.000000000000000000e+00 4.095000000000000862e-01 8.255000000000001226e-01 -2.000000000000000000e+00 -1.973599366199149758e-16 7.779999999999999361e+00 1.483999999999999542e+00 -1.999999999999999778e+00 8.832463979039701107e-16 4.471646433470507880e-03 6.162250000000002795e-03 4.944954489026063271e-01 6.814502500000002572e-01 1.598070540466392409e+00 2.202255999999999325e+00
3.000000000000000000e+00 -1.878000000000000114e+00 7.900000000000000355e-01 -2.000000000000000000e+00 0.000000000000000000e+00 -1.600999999999999979e+00 3.109999999999999432e-01 -2.000000000000000000e+00 0.000000000000000000e+00 1.119299999999999962e+01 3.979999999999996874e-01 -2.000000000000000000e+00 0.000000000000000000e+00 4.528791495198902228e-01 6.240999999999999881e-01 7.018574622770915039e-02 9.672099999999997366e-02 1.149461124828530245e-01 1.584039999999997672e-01
3.000000000000000000e+00 6.486499999999999488e+00 4.244999999999996554e-01 -2.000000000000000444e+00 3.084154177951526105e-15 -1.828500000000000014e+00 2.750000000000007994e-02 -2.000000000000000000e+00 0.000000000000000000e+00 1.232649999999999935e+01 6.505000000000000782e-01 -2.000000000000000000e+00 4.134206757453541588e-15 1.307625956790124111e-01 1.802002500000000618e-01 5.487740054869715825e-04 7.562500000000044230e-04 3.070596464334695574e-01 4.231502499999991174e-01
3.000000000000000000e+00 1.089600000000000080e+01 2.789999999999999147e-01 -2.000000000000000000e+00 0.000000000000000000e+00 -6.181499999999999773e+00 1.224499999999999922e+00 -2.000000000000000000e+00 0.000000000000000000e+00 2.546099999999999852e+01 1.008000000000000895e+00 -2.000000000000000000e+00 5.203192227791581964e-15 5.648544444444440066e-02 7.784099999999995190e-02 1.088042156721536147e+00 1.499400249999999879e+00 7.373084444444425456e-01 1.016063999999998746e+00
3.000000000000000000e+00 1.143499999999999872e+01 1.024000000000000021e+00 -2.000000000000000000e+00 2.688336990797339154e-15 -1.906900000000000261e+01 5.860000000000002984e-01 -2.000000000000000000e+00 9.103351790706181553e-15 1.003999999999999915e+01 7.897999999999999687e+00 -2.000000000000000000e+00 0.000000000000000000e+00 7.609008285322342857e-01 1.048575999999998842e+00 2.491858491083695781e-01 3.433960000000021440e-01 4.526498726474621748e+01 6.237840399999999619e+01
3.000000000000000000e+00 1.551549999999999940e+01 1.321499999999999453e+00 -1.999999999999999778e+00 2.020496106083911358e-15 -2.319499999999999673e+00 4.113500000000000156e+00 -2.000000000000000000e+00 0.000000000000000000e+00 -1.689950000000000330e+01 3.864999999999998437e-01 -2.000000000000000444e+00 1.376091268080014882e-14 1.267250521604935232e+00 1.746362249999996452e+00 1.227866489746227607e+01 1.692088225000000179e+01 1.083994653635103750e-01 1.493822499999987174e-01
3.000000000000000000e+00 1.152349999999999852e+01 9.264999999999998792e-01 -2.000000000000000000e+00 2.931522646819207786e-15 3.799500000000000099e+00 4.935000000000000497e-01 -2.000000000000000000e+00 0.000000000000000000e+00 -7.935500000000000220e+00 1.537500000000000533e+00 -2.000000000000000000e+00 0.000000000000000000e+00 6.229009468449913101e-01 8.584022499999985900e-01 1.767268179012345952e-01 2.435422500000000989e-01 1.715372299382716514e+00 2.363906250000002096e+00
3.000000000000000000e+00 8.871999999999999886e+00 1.509999999999998010e-01 -2.000000000000000000e+00 0.000000000000000000e+00 2.026499999999999968e+00 1.949999999999985079e-02 -2.000000000000000000e+00 0.000000000000000000e+00 -3.153000000000000025e+00 2.919999999999998153e-01 -2.000000000000000000e+00 0.000000000000000000e+00 1.654558161865564078e-02 2.280099999999994284e-02 2.759290123456747284e-04 3.802499999999941994e-04 6.187195610425231390e-02 8.526399999999989543e-02
