4.000000000000000000e+00 3.385499999999999954e+00 1.884999999999998899e-01 -2.000000000000000000e+00 0.000000000000000000e+00 1.458499999999999908e+00 9.750000000000004496e-02 -2.000000000000000000e+00 3.450789294581213013e-15 9.183500000000000441e+00 1.524999999999998579e-01 -2.000000000000000000e+00 0.000000000000000000e+00 2.578403326474619159e-02 3.553224999999995970e-02 6.898225308641960096e-03 9.506249999999986933e-03 1.687593449931409570e-02 2.325624999999995404e-02
4.000000000000000000e+00 3.031499999999999861e+00 1.634999999999999787e-01 -2.000000000000000000e+00 0.000000000000000000e+00 2.552999999999999936e+00 1.280000000000001137e-01 -2.000000000000000000e+00 0.000000000000000000e+00 8.678000000000000824e+00 1.919999999999992824e-01 -2.000000000000000000e+00 -1.384761618051750762e-14 1.939829938271604368e-02 2.673224999999999560e-02 1.188907544581620582e-02 1.638400000000003048e-02 2.675041975308592099e-02 3.686399999999943888e-02
4.000000000000000000e+00 3.208999999999999631e+00 5.800000000000005151e-02 -1.999999999999999778e+00 1.146094028430515353e-14 1.377499999999999947e+00 3.949999999999997957e-02 -1.999999999999999778e+00 8.466223491588290085e-15 9.528000000000000469e+00 1.539999999999999147e-01 -2.000000000000000000e+00 0.000000000000000000e+00 2.441091906721518448e-03 3.363999999999984624e-03 1.132197873799731724e-03 1.560250000000005643e-03 1.720955281207130899e-02 2.371599999999997321e-02
4.000000000000000000e+00 1.516000000000000014e+00 2.760000000000000231e-01 -2.000000000000000000e+00 0.000000000000000000e+00 1.961999999999999966e+00 4.200000000000003730e-02 -2.000000000000000000e+00 0.000000000000000000e+00 9.283999999999998920e+00 1.019999999999994245e-01 -1.999999999999999778e+00 2.615469881081690550e-14 5.527723456790122059e-02 7.617600000000003535e-02 1.280049382716051242e-03 1.764000000000003629e-03 7.549679012345746933e-03 1.040400000000003648e-02
4.000000000000000000e+00 2.221000000000000085e+00 2.330000000000000959e-01 -2.000000000000000000e+00 0.000000000000000000e+00 1.532500000000000195e+00 3.349999999999997424e-02 -2.000000000000000000e+00 -9.913307070135436263e-15 9.704999999999998295e+00 1.009999999999999787e-01 -1.999999999999999778e+00 2.641313026910211622e-14 3.939489849108370606e-02 5.428900000000005249e-02 8.143624828532285446e-04 1.122250000000004537e-03 7.402371742112630500e-03 1.020100000000014918e-02
4.000000000000000000e+00 2.186999999999999833e+00 3.059999999999999387e-01 -2.000000000000000000e+00 1.029235832833055593e-15 8.840000000000000080e-01 9.899999999999997691e-02 -2.000000000000000000e+00 0.000000000000000000e+00 8.543499999999999872e+00 9.124999999999996447e-01 -2.000000000000000000e+00 0.000000000000000000e+00 6.794711111111113866e-02 9.363600000000002477e-02 7.112111111111105513e-03 9.800999999999997214e-03 6.042183213305891698e-01 8.326562499999994316e-01
4.000000000000000000e+00 2.213499999999999801e+00 2.295000000000000373e-01 -1.999999999999999778e+00 2.870200143848169944e-15 -8.834999999999999520e-01 6.065000000000000391e-01 -2.000000000000000000e+00 -2.488214511133963129e-16 2.956999999999999851e+00 6.149999999999999911e-01 -2.000000000000000000e+00 1.073908798600481424e-15 3.822025000000010136e-02 5.267025000000009893e-02 2.669253089849108473e-01 3.678422500000000372e-01 2.744595679012343248e-01 3.782249999999997558e-01
4.000000000000000000e+00 9.798999999999999488e+00 1.520999999999999908e+00 -2.000000000000000000e+00 1.766894482857706989e-15 -6.439499999999999780e+00 8.704999999999998295e-01 -2.000000000000000000e+00 0.000000000000000000e+00 1.830000000000000071e+00 7.890000000000001457e-01 -2.000000000000000000e+00 0.000000000000000000e+00 1.678752111111112777e+00 2.313441000000002301e+00 5.498771772976677186e-01 7.577702499999996455e-01 4.517333456790124102e-01 6.225210000000003241e-01
4.000000000000000000e+00 1.013149999999999906e+01 3.014999999999998792e-01 -2.000000000000000000e+00 8.797982760536199533e-15 -1.123600000000000065e+01 7.770000000000001350e-01 -1.999999999999999778e+00 3.431746312085396081e-15 -3.074500000000000011e+00 2.414999999999998259e-01 -2.000000000000000000e+00 0.000000000000000000e+00 6.596336111111059108e-02 9.090224999999947653e-02 4.380969012345668490e-01 6.037289999999990719e-01 4.232163271604930804e-02 5.832224999999992276e-02
4.000000000000000000e+00 4.836500000000000021e+00 3.494999999999999218e-01 -2.000000000000000000e+00 0.000000000000000000e+00 -9.889499999999999957e+00 1.035500000000000753e+00 -2.000000000000000000e+00 0.000000000000000000e+00 -2.124499999999999833e+00 9.845000000000000417e-01 -2.000000000000000000e+00 -2.908727769021488691e-16 8.863852160493819465e-02 1.221502499999999602e-01 7.780873419067225738e-01 1.072260250000001580e+00 7.033307163923180338e-01 9.692402500000001364e-01
4.000000000000000000e+00 4.576500000000000234e+00 4.344999999999998863e-01 -2.000000000000000000e+00 0.000000000000000000e+00 -9.120000000000000995e+00 4.620000000000006324e-01 -1.999999999999999778e+00 5.770031351029575656e-15 -1.290999999999999925e+00 2.279999999999999805e-01 -2.000000000000000000e+00 0.000000000000000000e+00 1.369959427297667010e-01 1.887902499999999095e-01 1.548859753086416491e-01 2.134439999999999116e-01 3.772227160493826087e-02 5.198399999999998855e-02
4.000000000000000000e+00 3.727999999999999758e+00 2.000000000000001776e-03 -2.000000000000000444e+00 3.330435941291618588e-13 -9.128999999999999559e+00 3.200000000000002842e-01 -2.000000000000000000e+00 0.000000000000000000e+00 -1.322999999999999954e+00 1.890000000000000568e-01 -2.000000000000000000e+00 0.000000000000000000e+00 2.902606310012965299e-06 3.999999999999251889e-06 7.430672153635127508e-02 1.024000000000001992e-01 2.592100000000000654e-02 3.572100000000002357e-02
4.000000000000000000e+00 3.810500000000000220e+00 3.105000000000002203e-01 -2.000000000000000000e+00 0.000000000000000000e+00 -8.752500000000001279e+00 1.384999999999996234e-01 -1.999999999999999778e+00 1.918045083018531541e-14 -1.084500000000000020e+00 2.924999999999999822e-01 -2.000000000000000000e+00 0.000000000000000000e+00 6.996025000000008487e-02 9.641025000000012779e-02 1.391962997256486652e-02 1.918224999999968913e-02 6.208402777777774495e-02 8.555625000000000036e-02
4.000000000000000000e+00 4.200499999999999901e+00 1.654999999999997584e-01 -2.000000000000000000e+00 0.000000000000000000e+00 -9.015000000000000568e+00 3.899999999999970157e-02 -2.000000000000000000e+00 0.000000000000000000e+00 -9.180000000000000382e-01 1.300000000000001155e-02 -2.000000000000000000e+00 0.000000000000000000e+00 1.987577812071324168e-02 2.739024999999992507e-02 1.103716049382698914e-03 1.520999999999976798e-03 1.226351165980797231e-04 1.690000000000003132e-04
4.000000000000000000e+00 4.341499999999999915e+00 9.549999999999991829e-02 -2.000000000000000000e+00 1.400401866275877533e-14 -8.894000000000000128e+00 3.200000000000002842e-02 -2.000000000000000000e+00 0.000000000000000000e+00 -9.074999999999999734e-01 7.450000000000001066e-02 -2.000000000000000000e+00 0.000000000000000000e+00 6.618123799725567080e-03 9.120249999999911414e-03 7.430672153635128636e-04 1.024000000000001905e-03 4.027547668038408690e-03 5.550250000000002230e-03
4.000000000000000000e+00 4.179499999999999993e+00 1.204999999999998295e-01 -2.000000000000000000e+00 0.000000000000000000e+00 -8.652499999999999858e+00 4.649999999999998579e-02 -2.000000000000000000e+00 0.000000000000000000e+00 -1.469500000000000028e+00 3.500000000000058620e-03 -2.000000000000000000e+00 0.000000000000000000e+00 1.053664231824413822e-02 1.452024999999995680e-02 1.569040123456788907e-03 2.162249999999998808e-03 8.889231824417304106e-06 1.225000000000041126e-05
4.000000000000000000e+00 4.376999999999999780e+00 1.440000000000001279e-01 -2.000000000000000000e+00 0.000000000000000000e+00 -8.935500000000001108e+00 2.124999999999994671e-01 -2.000000000000000000e+00 1.247390819444516604e-14 -2.442000000000000171e+00 1.367999999999999883e+00 -2.000000000000000000e+00 1.734650273735255494e-16 1.504711111111113261e-02 2.073600000000003912e-02 3.276770404663938152e-02 4.515625000000009909e-02 1.358001777777777086e+00 1.871423999999999976e+00
4.000000000000000000e+00 5.309999999999999165e-01 1.759999999999999898e-01 -2.000000000000000000e+00 9.545825851851619744e-16 -1.046400000000000041e+01 7.339999999999999858e-01 -2.000000000000000000e+00 0.000000000000000000e+00 1.600000000000000089e+00 6.620000000000000329e-01 -2.000000000000000000e+00 -4.783505465348668167e-16 2.247778326474620531e-02 3.097599999999998271e-02 3.909491412894374185e-01 5.387560000000001237e-01 3.180124499314127551e-01 4.382439999999998559e-01
4.000000000000000000e+00 3.788499999999999979e+00 2.984999999999997655e-01 -2.000000000000000000e+00 0.000000000000000000e+00 -8.771999999999998465e+00 7.200000000000006395e-02 -2.000000000000000000e+00 -3.703590561554286128e-14 2.479999999999999982e+00 2.850000000000001421e-01 -2.000000000000000000e+00 0.000000000000000000e+00 6.465718827160482629e-02 8.910224999999988293e-02 3.761777777777893742e-03 5.184000000000118201e-03 5.894104938271608335e-02 8.122500000000010267e-02
4.000000000000000000e+00 3.956000000000000405e+00 6.900000000000017231e-02 -2.000000000000000000e+00 -9.653590478556375726e-15 -8.990999999999999659e+00 4.600000000000026290e-02 -1.999999999999999556e+00 -5.792154287133770846e-14 2.018499999999999961e+00 3.549999999999986500e-02 -2.000000000000000000e+00 0.000000000000000000e+00 3.454827160493870088e-03 4.761000000000049914e-03 1.535478737997343418e-03 2.116000000000093934e-03 9.145024005486895738e-04 1.260249999999990761e-03
4.000000000000000000e+00 3.876500000000000057e+00 1.665000000000000924e-01 -2.000000000000000000e+00 0.000000000000000000e+00 -8.571500000000000341e+00 2.044999999999994600e-01 -2.000000000000000000e+00 0.000000000000000000e+00 1.501500000000000057e+00 3.655000000000000471e-01 -1.999999999999999556e+00 -8.526668006293313326e-16 2.011669444444446134e-02 2.772225000000003853e-02 3.034693038408762047e-02 4.182024999999978815e-02 9.693997565157744245e-02 1.335902499999999937e-01
4.000000000000000000e+00 3.654500000000000082e+00 4.649999999999998579e-02 -2.000000000000000000e+00 0.000000000000000000e+00 -8.510000000000001563e+00 7.200000000000006395e-02 -2.000000000000000000e+00 3.703590561554286128e-14 2.007499999999999840e+00 3.355000000000000204e-01 -2.000000000000000000e+00 9.187189574266091715e-16 1.569040123456788907e-03 2.162249999999998808e-03 3.761777777777893742e-03 5.184000000000118201e-03 8.167952297668031048e-02 1.125602499999999451e-01
4.000000000000000000e+00 3.886000000000000121e+00 1.189999999999999947e-01 -2.000000000000000000e+00 -5.597429619771124621e-15 -8.992499999999999716e+00 2.534999999999998366e-01 -1.999999999999999778e+00 -1.043572053937835216e-14 2.411000000000000032e+00 5.000000000000000000e-01 -2.000000000000000000e+00 0.000000000000000000e+00 1.027595198902610425e-02 1.416100000000004855e-02 4.663200308641930053e-02 6.426224999999953502e-02 1.814128943758572809e-01 2.500000000000000000e-01
4.000000000000000000e+00 3.963500000000000245e+00 1.335000000000001741e-01 -2.000000000000000000e+00 0.000000000000000000e+00 -8.997499999999998721e+00 2.850000000000019185e-02 -1.999999999999999778e+00 -9.337839254800910074e-14 2.078500000000000014e+00 3.205000000000000071e-01 -2.000000000000000000e+00 0.000000000000000000e+00 1.293274382716052412e-02 1.782225000000004639e-02 5.894104938271251979e-04 8.122499999999677287e-04 7.453911145404663874e-02 1.027202499999999991e-01
4.000000000000000000e+00 3.586000000000000298e+00 1.750000000000000444e-01 -1.999999999999999778e+00 -3.803242139750897702e-15 -9.124000000000000554e+00 3.200000000000002842e-02 -2.000000000000000000e+00 0.000000000000000000e+00 1.754999999999999893e+00 3.500000000000003109e-02 -2.000000000000000000e+00 9.561841317109743552e-15 2.222307956104246224e-02 3.062499999999995434e-02 7.430672153635128636e-04 1.024000000000001905e-03 8.889231824417088892e-04 1.225000000000008851e-03
4.000000000000000000e+00 3.661500000000000199e+00 9.150000000000013678e-02 -2.000000000000000000e+00 -7.288769561949397165e-15 -8.821999999999999176e+00 3.099999999999969447e-02 -2.000000000000000000e+00 -8.597991448749890512e-14 2.016000000000000014e+00 1.610000000000000320e-01 -2.000000000000000000e+00 0.000000000000000000e+00 6.075336419753139122e-03 8.372250000000058465e-03 6.973511659807348243e-04 9.609999999999343460e-04 1.880961454046639961e-02 2.592100000000000654e-02
4.000000000000000000e+00 3.773000000000000131e+00 3.200000000000002842e-02 -2.000000000000000000e+00 0.000000000000000000e+00 -9.005500000000001393e+00 1.474999999999999645e-01 -2.000000000000000000e+00 1.804161742284489784e-14 1.871500000000000163e+00 6.149999999999999911e-02 -2.000000000000000000e+00 -5.418485149188626091e-15 7.430672153635128636e-04 1.024000000000001905e-03 1.578745713305874931e-02 2.175624999999977230e-02 2.744595679012333186e-03 3.782249999999988312e-03
4.000000000000000000e+00 3.814999999999999947e+00 5.200000000000004619e-02 -2.000000000000000000e+00 0.000000000000000000e+00 -9.081500000000000128e+00 6.250000000000000000e-02 -2.000000000000000000e+00 0.000000000000000000e+00 1.758999999999999897e+00 1.300000000000001155e-02 -2.000000000000000000e+00 2.563845743851197657e-14 1.962161865569275569e-03 2.704000000000005011e-03 2.834576474622770015e-03 3.906250000000000000e-03 1.226351165980772836e-04 1.689999999999978737e-04
4.000000000000000000e+00 3.870499999999999829e+00 6.049999999999999822e-02 -1.999999999999999778e+00 1.101606950296325269e-14 -8.881999999999999673e+00 2.800000000000046896e-02 -2.000000000000000000e+00 0.000000000000000000e+00 1.756000000000000005e+00 8.600000000000007638e-02 -2.000000000000000000e+00 0.000000000000000000e+00 2.656066186556949905e-03 3.660250000000022427e-03 5.689108367627074628e-04 7.840000000000263208e-04 5.366919067215371666e-03 7.396000000000013674e-03
4.000000000000000000e+00 3.841000000000000192e+00 2.600000000000002309e-02 -2.000000000000000000e+00 -2.563845743851197657e-14 -9.061499999999998778e+00 6.650000000000044764e-02 -2.000000000000000000e+00 -4.009355842241577226e-14 1.776499999999999968e+00 1.500000000000056843e-03 -2.000000000000000000e+00 0.000000000000000000e+00 4.905404663923091345e-04 6.759999999999914948e-04 3.209012688614683740e-03 4.422250000000159560e-03 1.632716049382839555e-06 2.250000000000170734e-06
4.000000000000000000e+00 3.678499999999999659e+00 1.249999999999995559e-02 -2.000000000000000000e+00 5.334274688628738613e-14 -8.734999999999999432e+00 9.799999999999986500e-02 -2.000000000000000000e+00 -2.712832361732115690e-14 1.571499999999999897e+00 2.594999999999999529e-01 -2.000000000000000000e+00 1.191240404286673840e-15 1.133830589849052934e-04 1.562499999999941757e-04 6.969157750343062119e-03 9.604000000000124590e-03 4.886555864197533045e-02 6.734025000000003203e-02
4.000000000000000000e+00 4.334500000000000242e+00 6.849999999999978328e-02 -2.000000000000000444e+00 -1.948007152998082195e-14 -9.551500000000000767e+00 2.004999999999999005e-01 -2.000000000000000000e+00 0.000000000000000000e+00 1.687500000000000000e+00 1.645000000000000906e-01 -2.000000000000000000e+00 0.000000000000000000e+00 3.404938614540391813e-03 4.692249999999918708e-03 2.917137482853220457e-02 4.020024999999995824e-02 1.963631310013719614e-02 2.706025000000002526e-02
4.000000000000000000e+00 4.108999999999999986e+00 5.100000000000015632e-02 -2.000000000000000000e+00 0.000000000000000000e+00 -8.481999999999999318e+00 5.600000000000004974e-02 -2.000000000000000000e+00 -4.753756336631264985e-14 1.618500000000000050e+00 8.499999999999952038e-03 -2.000000000000000000e+00 0.000000000000000000e+00 1.887419753086431095e-03 2.601000000000016060e-03 2.275643347050672859e-03 3.135999999999921403e-03 5.242832647462217796e-05 7.224999999999919475e-05
4.000000000000000000e+00 3.822999999999999954e+00 1.600000000000001421e-02 -2.000000000000000000e+00 0.000000000000000000e+00 -8.919999999999999929e+00 1.399999999999934630e-02 -2.000000000000000000e+00 0.000000000000000000e+00 1.362000000000000099e+00 1.389999999999999014e-01 -2.000000000000000000e+00 -2.422239727568593962e-15 1.857668038408782159e-04 2.560000000000004763e-04 1.422277091906588408e-04 1.959999999999817249e-04 1.402031412894376265e-02 1.932100000000000137e-02
4.000000000000000000e+00 3.982499999999999929e+00 8.650000000000002132e-02 -2.000000000000000000e+00 0.000000000000000000e+00 -9.031499999999999417e+00 1.615000000000001990e-01 -2.000000000000000000e+00 0.000000000000000000e+00 1.290499999999999980e+00 6.450000000000000178e-02 -2.000000000000000000e+00 0.000000000000000000e+00 5.429506515775035271e-03 7.482250000000004522e-03 1.892662585733886557e-02 2.608225000000006372e-02 3.018891975308641250e-03 4.160249999999999886e-03
4.000000000000000000e+00 4.362999999999999545e+00 1.209999999999999964e-01 -1.999999999999999778e+00 1.101606950296325269e-14 -8.891500000000000625e+00 1.755000000000004334e-01 -2.000000000000000000e+00 1.516354366733731322e-14 1.921499999999999986e+00 8.550000000000002043e-02 -2.000000000000000000e+00 3.902963115904321793e-15 1.062426474622761401e-02 1.464099999999991103e-02 2.235025000000037329e-02 3.080025000000041757e-02 5.304694444444462559e-03 7.310250000000020724e-03
4.000000000000000000e+00 4.331500000000000128e+00 3.144999999999997797e-01 -2.000000000000000000e+00 0.000000000000000000e+00 -8.803000000000000824e+00 2.120000000000006324e-01 -2.000000000000000000e+00 1.256237529999582425e-14 1.293000000000000149e+00 1.139999999999999902e-01 -1.999999999999999778e+00 -2.927222336928244500e-15 7.177437894375846006e-02 9.891024999999986633e-02 3.261368449931398988e-02 4.494399999999994927e-02 9.430567901234542666e-03 1.299599999999997632e-02
4.000000000000000000e+00 3.887500000000000178e+00 9.950000000000013001e-02 -1.999999999999999778e+00 -6.713838125413106532e-15 -8.899499999999999744e+00 6.449999999999977973e-02 -2.000000000000000000e+00 -4.131373371238925874e-14 1.093999999999999861e+00 9.199999999999997069e-02 -2.000000000000000000e+00 3.550479190430619651e-15 7.184132030178307961e-03 9.900249999999992390e-03 3.018891975308718445e-03 4.160250000000069275e-03 6.141914951989038869e-03 8.464000000000013180e-03
4.000000000000000000e+00 4.470499999999999474e+00 3.349999999999964118e-02 -2.000000000000000000e+00 3.974334925390780014e-14 -9.313499999999999446e+00 7.850000000000001421e-02 -2.000000000000000000e+00 0.000000000000000000e+00 1.360000000000000098e+00 4.000000000000003553e-03 -2.000000000000000000e+00 0.000000000000000000e+00 8.143624828532312551e-04 1.122250000000001502e-03 4.471646433470507880e-03 6.162250000000002795e-03 1.161042524005488849e-05 1.600000000000002977e-05
4.000000000000000000e+00 4.112499999999999822e+00 1.604999999999998650e-01 -2.000000000000000000e+00 0.000000000000000000e+00 -8.582499999999999574e+00 1.565000000000003055e-01 -2.000000000000000000e+00 -1.708457525522247030e-14 1.343499999999999917e+00 5.249999999999999112e-02 -2.000000000000000000e+00 0.000000000000000000e+00 1.869296604938268380e-02 2.576024999999995679e-02 1.777283984910819209e-02 2.449224999999986482e-02 2.000077160493825973e-03 2.756249999999999152e-03
4.000000000000000000e+00 4.235500000000000043e+00 1.265000000000000568e-01 -2.000000000000000000e+00 0.000000000000000000e+00 -8.761499999999999844e+00 2.644999999999999574e-01 -2.000000000000000000e+00 0.000000000000000000e+00 1.032000000000000028e+00 1.559999999999999720e-01 -2.000000000000000000e+00 -1.085225711683050389e-15 1.161205795610425855e-02 1.600225000000001646e-02 5.076676577503427129e-02 6.996024999999998772e-02 1.765945679012342895e-02 2.433599999999997918e-02
4.000000000000000000e+00 4.200499999999999901e+00 1.949999999999985079e-02 -2.000000000000000000e+00 0.000000000000000000e+00 -8.697499999999999787e+00 4.375000000000000000e-01 -2.000000000000000000e+00 0.000000000000000000e+00 1.452500000000000124e+00 5.000000000000559552e-04 -1.999999999999999778e+00 -6.660871882581019783e-13 2.759290123456747284e-04 3.802499999999941994e-04 1.388942472565157238e-01 1.914062500000000000e-01 1.814128943759924698e-07 2.500000000001505488e-07
4.000000000000000000e+00 3.858999999999999986e+00 1.420000000000001261e-01 -2.000000000000000000e+00 4.695338694123755126e-15 -8.624499999999999389e+00 3.049999999999997158e-02 -2.000000000000000000e+00 0.000000000000000000e+00 1.118999999999999995e+00 8.299999999999996270e-02 -2.000000000000000000e+00 0.000000000000000000e+00 1.463203840877911818e-02 2.016399999999998402e-02 6.750373799725636892e-04 9.302499999999982441e-04 4.999013717421119107e-03 6.888999999999994954e-03
4.000000000000000000e+00 4.206500000000000128e+00 5.649999999999977263e-02 -2.000000000000000000e+00 0.000000000000000000e+00 -9.399499999999999744e+00 7.500000000000284217e-03 -2.000000000000000000e+00 0.000000000000000000e+00 1.076500000000000012e+00 9.949999999999997735e-02 -2.000000000000000000e+00 -1.650943801331099504e-15 2.316461248285303469e-03 3.192249999999974188e-03 4.081790123457098592e-05 5.625000000000427428e-05 7.184132030178332247e-03 9.900250000000004533e-03
2.000000000000000000e+00 5.605000000000000426e+00 5.710000000000001741e-01 -2.000000000000000000e+00 -2.310859876127812217e-15 4.420000000000000040e-01 1.300000000000001155e-02 -2.000000000000000000e+00 0.000000000000000000e+00 6.971000000000000085e+00 1.219999999999998863e-01 -2.000000000000000000e+00 0.000000000000000000e+00 2.365921659807961042e-01 3.260410000000006914e-01 1.226351165980797231e-04 1.690000000000003132e-04 1.080059807956101903e-02 1.488399999999997191e-02
2.000000000000000000e+00 6.653999999999999915e+00 3.639999999999998792e-01 -2.000000000000000000e+00 0.000000000000000000e+00 2.600000000000000089e-01 2.899999999999998412e-02 -2.000000000000000000e+00 -1.389204882946085144e-15 9.716499999999999915e+00 6.984999999999992326e-01 -2.000000000000000000e+00 0.000000000000000000e+00 9.614593141289427825e-02 1.324959999999999194e-01 6.102729766803839488e-04 8.409999999999999507e-04 3.540470373799717851e-01 4.879022499999989271e-01
2.000000000000000000e+00 5.969500000000000028e+00 5.255000000000000782e-01 -2.000000000000000000e+00 0.000000000000000000e+00 1.318500000000000005e+00 1.950000000000007283e-02 -2.000000000000000000e+00 0.000000000000000000e+00 8.217999999999999972e+00 3.000000000000113687e-03 -2.000000000000000000e+00 0.000000000000000000e+00 2.003888645404664215e-01 2.761502500000000970e-01 2.759290123456810710e-04 3.802500000000028188e-04 6.530864197531358222e-06 9.000000000000682937e-06
2.000000000000000000e+00 4.269000000000000128e+00 1.920000000000001705e-01 -2.000000000000000000e+00 0.000000000000000000e+00 8.825000000000000622e-01 2.050000000000001821e-02 -2.000000000000000000e+00 -8.160500819443332242e-15 8.298000000000000043e+00 3.500000000000014211e-02 -2.000000000000000000e+00 0.000000000000000000e+00 2.675041975308645875e-02 3.686400000000007032e-02 3.049550754458147804e-04 4.202499999999987496e-04 8.889231824417081302e-04 1.225000000000009718e-03
2.000000000000000000e+00 4.310999999999999943e+00 2.620000000000000107e-01 -2.000000000000000000e+00 5.015678899941881151e-15 9.114999999999999769e-01 3.949999999999997957e-02 -2.000000000000000000e+00 0.000000000000000000e+00 7.981500000000000483e+00 2.515000000000000568e-01 -2.000000000000000000e+00 0.000000000000000000e+00 4.981162688614559908e-02 6.864400000000020485e-02 1.132197873799724135e-03 1.560249999999998704e-03 4.589909499314129976e-02 6.325225000000003761e-02
2.000000000000000000e+00 6.314499999999999780e+00 1.364999999999998437e-01 -2.000000000000000000e+00 0.000000000000000000e+00 -1.726999999999999869e+00 2.779999999999999138e-01 -2.000000000000000000e+00 -1.211119863784295403e-15 4.040000000000000036e+00 2.774000000000000021e+00 -2.000000000000000000e+00 0.000000000000000000e+00 1.352052160493823901e-02 1.863224999999995440e-02 5.608125651577505061e-02 7.728400000000000547e-02 5.583944038408777288e+00 7.695076000000001137e+00
2.000000000000000000e+00 7.942499999999999893e+00 3.840499999999999581e+00 -2.000000000000000000e+00 0.000000000000000000e+00 -4.690999999999999837e+00 1.653999999999999915e+00 -2.000000000000000000e+00 0.000000000000000000e+00 -4.319999999999999396e-01 1.068999999999999950e+00 -2.000000000000000000e+00 0.000000000000000000e+00 1.070295458470507199e+01 1.474944024999999748e+01 1.985176631001371428e+00 2.735715999999999593e+00 8.292463223593962152e-01 1.142760999999999916e+00
2.000000000000000000e+00 2.733950000000000102e+01 2.355000000000000426e-01 -2.000000000000000000e+00 -2.264549951268500263e-14 -1.489700000000000024e+01 2.011000000000001009e+00 -2.000000000000000000e+00 0.000000000000000000e+00 -5.677999999999999936e+00 3.440000000000003055e-01 -2.000000000000000000e+00 0.000000000000000000e+00 4.024481790123386055e-02 5.546024999999932259e-02 2.934622783264748680e+00 4.044121000000004074e+00 8.587070507544594666e-02 1.183360000000002188e-01
2.000000000000000000e+00 5.080999999999999517e+00 2.356999999999999762e+00 -2.000000000000000000e+00 5.426395653865503805e-16 -1.049950000000000117e+01 1.414999999999997371e-01 -1.999999999999999778e+00 1.875154401392408786e-14 -3.926999999999999602e+00 4.679999999999997495e-01 -2.000000000000000000e+00 -1.489276610184928158e-15 4.031320330589845291e+00 5.555448999999997639e+00 1.452917729766819467e-02 2.002225000000014063e-02 1.589351111111111103e-01 2.190239999999999687e-01
2.000000000000000000e+00 -1.275900000000000034e+01 5.544999999999999041e+00 -2.000000000000000000e+00 5.001114506865154625e-16 -1.656999999999999806e+00 5.160999999999999588e+00 -2.000000000000000000e+00 0.000000000000000000e+00 2.469999999999999973e-01 5.919999999999999707e-01 -2.000000000000000000e+00 0.000000000000000000e+00 2.231162719478737699e+01 3.074702500000000072e+01 1.932839809190671332e+01 2.663592099999999974e+01 2.543147544581617625e-01 3.504639999999999977e-01
2.000000000000000000e+00 1.445199999999999996e+01 6.980999999999999872e+00 -2.000000000000000000e+00 0.000000000000000000e+00 -1.132900000000000063e+01 4.504999999999999893e+00 -2.000000000000000000e+00 5.440062106625119439e-16 -5.147999999999999687e+00 1.042000000000000259e+00 -2.000000000000000000e+00 -1.275705492078265493e-15 3.536416593827159716e+01 4.873436099999999982e+01 1.472711690672152507e+01 2.029502499999999188e+01 7.878863593964344769e-01 1.085764000000001506e+00
2.000000000000000000e+00 1.818299999999999983e+01 2.393000000000000682e+00 -2.000000000000000000e+00 0.000000000000000000e+00 -1.115700000000000003e+01 2.766999999999999460e+00 -2.000000000000000000e+00 0.000000000000000000e+00 -7.850000000000001421e-02 2.551499999999999879e+00 -2.000000000000000000e+00 0.000000000000000000e+00 4.155406750342937272e+00 5.726449000000002343e+00 5.555798190672150305e+00 7.656288999999998346e+00 4.724102249999998726e+00 6.510152249999999086e+00
2.000000000000000000e+00 -1.069450000000000145e+01 8.300499999999999545e+00 -2.000000000000000000e+00 2.981869849683204508e-16 -6.092999999999999972e+00 3.763999999999999346e+00 -1.999999999999999778e+00 6.662103322295603592e-17 -5.500000000000060396e-03 2.074500000000000011e+00 -2.000000000000000000e+00 0.000000000000000000e+00 4.999616026371739963e+01 6.889830024999997704e+01 1.028081095198902339e+01 1.416769600000000118e+01 3.122878027777777454e+00 4.303550249999999799e+00
2.000000000000000000e+00 2.656500000000000306e+00 3.160499999999999865e+00 -2.000000000000000000e+00 -2.813408743412026276e-16 -1.096649999999999991e+01 7.249999999999978684e-02 -2.000000000000000000e+00 0.000000000000000000e+00 -9.924999999999999378e-01 2.394999999999999907e-01 -2.000000000000000000e+00 -7.576435894712459269e-16 7.248359632716045553e+00 9.988760250000000340e+00 3.814206104252377671e-03 5.256249999999969280e-03 4.162355589849109361e-02 5.736025000000002233e-02
2.000000000000000000e+00 2.973049999999999926e+01 4.689500000000000668e+00 -2.000000000000000000e+00 1.102378071999593904e-15 -1.964849999999999852e+01 3.397499999999999076e+00 -2.000000000000000000e+00 -1.630625828180192155e-15 2.600000000000000089e-01 1.913999999999999924e+00 -2.000000000000000000e+00 0.000000000000000000e+00 1.595810153943757470e+01 2.199141024999999061e+01 8.376200694444428052e+00 1.154300624999998526e+01 2.658349086419752538e+00 3.663395999999999653e+00
2.000000000000000000e+00 4.160499999999999865e+00 3.253499999999999837e+00 -2.000000000000000000e+00 0.000000000000000000e+00 -9.620000000000000995e+00 1.568000000000000504e+00 -1.999999999999999778e+00 1.727918701740192565e-15 -1.774999999999999911e+00 2.813000000000000167e+00 -2.000000000000000000e+00 -2.394099912027755132e-16 7.681212249999997077e+00 1.058526224999999954e+01 1.784104384087794815e+00 2.458624000000003917e+00 5.742058437585733088e+00 7.912969000000003028e+00
2.000000000000000000e+00 -9.093500000000000583e+00 3.078500000000000458e+00 -2.000000000000000000e+00 4.870827234614400266e-16 -1.214000000000000190e+00 3.634999999999999787e+00 -2.000000000000000000e+00 0.000000000000000000e+00 -2.322000000000000064e+00 4.899999999999993250e-02 -2.000000000000000000e+00 0.000000000000000000e+00 6.877117736968453521e+00 9.477162250000004562e+00 9.588197565157747349e+00 1.321322499999999955e+01 1.742289437585728667e-03 2.400999999999993851e-03
2.000000000000000000e+00 1.667699999999999960e+01 9.382999999999999119e+00 -2.000000000000000000e+00 0.000000000000000000e+00 -1.894050000000000011e+01 7.275500000000000966e+00 -2.000000000000000000e+00 0.000000000000000000e+00 1.112000000000000099e+00 2.286000000000000032e+00 -2.000000000000000000e+00 0.000000000000000000e+00 6.388686485733879294e+01 8.804068899999998621e+01 3.841084256824416343e+01 5.293290025000002430e+01 3.792107111111109319e+00 5.225796000000000774e+00
2.000000000000000000e+00 1.808899999999999864e+01 3.938999999999999169e+00 -2.000000000000000000e+00 6.975631204271575003e-16 -1.453800000000000026e+01 1.800999999999999268e+00 -2.000000000000000000e+00 1.444384048881656817e-15 -7.529999999999998916e-01 1.449999999999999956e+00 -2.000000000000000000e+00 -2.913373798680144447e-16 1.125900741975307362e+01 1.551572099999998677e+01 2.353724182441701007e+00 3.243601000000000401e+00 1.525682441700959791e+00 2.102500000000000036e+00
2.000000000000000000e+00 -1.361799999999999855e+01 6.537999999999999368e+00 -2.000000000000000000e+00 -5.084935526344753995e-16 -4.475999999999999979e+00 4.558000000000000718e+00 -2.000000000000000000e+00 -3.001423182173672882e-16 1.419499999999999984e+00 2.495499999999999829e+00 -2.000000000000000000e+00 0.000000000000000000e+00 3.101829886968450012e+01 4.274544399999999911e+01 1.507567565980795088e+01 2.077536400000000327e+01 4.519009893347049278e+00 6.227520249999998647e+00
2.000000000000000000e+00 5.512000000000000455e+00 4.910000000000000142e+00 -2.000000000000000000e+00 0.000000000000000000e+00 -1.350849999999999973e+01 2.814999999999994174e-01 -2.000000000000000000e+00 0.000000000000000000e+00 -3.754499999999999726e+00 2.074499999999999567e+00 -2.000000000000000000e+00 -2.984565771872239452e-16 1.749408079561042229e+01 2.410810000000000386e+01 5.750226371742086368e-02 7.924224999999968100e-02 3.122878027777777454e+00 4.303550249999999799e+00
2.000000000000000000e+00 2.437549999999999883e+01 3.841499999999999915e+00 -2.000000000000000000e+00 0.000000000000000000e+00 -2.321199999999999974e+01 3.210999999999998522e+00 -2.000000000000000000e+00 0.000000000000000000e+00 4.604000000000000092e+00 2.967000000000000082e+00 -2.000000000000000000e+00 -2.040322544096828096e-16 1.070852904012345341e+01 1.475712225000000366e+01 7.481845828532227571e+00 1.031052099999999072e+01 6.387975419753085582e+00 8.803089000000001718e+00
2.000000000000000000e+00 6.055000000000001492e-01 4.557500000000000107e+00 -2.000000000000000000e+00 0.000000000000000000e+00 -1.221499999999999986e+01 1.291000000000000369e+00 -2.000000000000000000e+00 0.000000000000000000e+00 -3.350000000000000089e+00 4.670000000000000817e-01 -2.000000000000000000e+00 0.000000000000000000e+00 1.507236832133058790e+01 2.077080625000000325e+01 1.209429696844993796e+00 1.666681000000000967e+00 1.582566268861454184e-01 2.180890000000001161e-01
2.000000000000000000e+00 -9.385999999999999233e+00 5.041000000000000369e+00 -2.000000000000000000e+00 -2.218707762422431331e-16 -4.370500000000000718e+00 5.054500000000000881e+00 -2.000000000000000000e+00 2.200977447188144043e-16 2.740999999999999659e+00 1.728999999999999870e+00 -2.000000000000000000e+00 3.436728565038394153e-16 1.844002640466391441e+01 2.541168099999999797e+01 1.853892491392317865e+01 2.554797025000000232e+01 2.169292577503427744e+00 2.989440999999999349e+00
2.000000000000000000e+00 2.230549999999999855e+01 7.257499999999999396e+00 -1.999999999999999778e+00 2.974055391382340976e-16 -1.950300000000000011e+01 3.434000000000001052e+00 -2.000000000000000000e+00 0.000000000000000000e+00 -5.987000000000000099e+00 2.712999999999999634e+00 -2.000000000000000000e+00 4.447857198909151870e-16 3.822101646947873377e+01 5.267130625000000776e+01 8.557141733882033918e+00 1.179235600000000872e+01 5.341063375857340034e+00 7.360368999999999495e+00
2.000000000000000000e+00 1.470550000000000068e+01 4.044500000000000206e+00 -2.000000000000000000e+00 -6.443872442753022875e-16 -1.386500000000000021e+01 2.179000000000000270e+00 -2.000000000000000000e+00 0.000000000000000000e+00 -2.520999999999999908e+00 6.470000000000000195e-01 -2.000000000000000000e+00 -9.223163466525780386e-16 1.187019417318244763e+01 1.635798025000001132e+01 3.445423441700960154e+00 4.748041000000001510e+00 3.037642812071328358e-01 4.186089999999997313e-01
2.000000000000000000e+00 -9.288499999999999091e+00 3.946499999999999897e+00 -2.000000000000000000e+00 -3.467968444250289285e-16 -1.211000000000000076e+00 3.524000000000000021e+00 -2.000000000000000000e+00 0.000000000000000000e+00 -1.955000000000000071e+00 3.840000000000000080e-01 -2.000000000000000000e+00 8.578169315364731261e-16 1.130192336111111118e+01 1.557486225000000424e+01 9.011559264746225040e+00 1.241857600000000161e+01 1.070016790123457240e-01 1.474560000000000870e-01
2.000000000000000000e+00 3.123499999999999943e+00 2.556499999999999773e+00 -2.000000000000000000e+00 0.000000000000000000e+00 -1.005999999999999872e+01 6.070000000000002061e-01 -2.000000000000000000e+00 -4.343623855161939991e-15 -2.390499999999999847e+00 1.339500000000000135e+00 -2.000000000000000000e+00 -2.771617701370544041e-16 4.742635391289436342e+00 6.535692249999998538e+00 2.673655980795621168e-01 3.684490000000011367e-01 1.302007780864197439e+00 1.794260250000000667e+00
2.000000000000000000e+00 2.685999999999999943e+01 7.027000000000001023e+00 -2.000000000000000000e+00 0.000000000000000000e+00 -2.328249999999999886e+01 5.607499999999999929e+00 -2.000000000000000000e+00 -9.671494712965256791e-16 3.453999999999999737e+00 1.219000000000000083e+00 -1.999999999999999778e+00 5.516220556900170310e-16 3.583175259396433887e+01 4.937872900000001408e+01 2.281742902091904313e+01 3.144405624999998849e+01 1.078289943758572900e+00 1.485960999999999643e+00
2.000000000000000000e+00 2.923000000000000043e+00 4.884999999999999787e+00 -2.000000000000000000e+00 0.000000000000000000e+00 -1.238899999999999935e+01 2.700000000000004619e-01 -1.999999999999999778e+00 -9.870905314708195766e-15 -2.269499999999999851e+00 1.575499999999999901e+00 -1.999999999999999778e+00 -4.542291379274829797e-16 1.731638686556926743e+01 2.386322499999999991e+01 5.289999999999975971e-02 7.289999999999983993e-02 1.801212527091907267e+00 2.482200250000001329e+00
2.000000000000000000e+00 -9.125499999999998835e+00 6.420499999999999652e+00 -2.000000000000000000e+00 -4.295400224698611453e-16 -5.683499999999999552e+00 5.323500000000000121e+00 -2.000000000000000000e+00 -1.883902489011132780e-16 9.184999999999999831e-01 2.598500000000000032e+00 -2.000000000000000000e+00 0.000000000000000000e+00 2.991340454355279377e+01 4.122282024999999095e+01 2.056471336111111015e+01 2.833965225000000387e+01 4.899746214334703254e+00 6.752202250000001627e+00
2.000000000000000000e+00 2.422300000000000253e+01 8.422000000000000597e+00 -2.000000000000000000e+00 -2.854668838088852630e-16 -2.358399999999999963e+01 5.786000000000001364e+00 -2.000000000000000000e+00 0.000000000000000000e+00 -1.843999999999999861e+00 4.785000000000000142e+00 -2.000000000000000000e+00 0.000000000000000000e+00 5.147052734705075494e+01 7.093008400000003633e+01 2.429321547873800924e+01 3.347779600000001921e+01 1.661468179012345203e+01 2.289622500000000471e+01
2.000000000000000000e+00 1.343250000000000099e+01 3.863499999999999268e+00 -1.999999999999999778e+00 -6.776573350434378740e-16 -1.440099999999999980e+01 1.080000000000005400e-01 -2.000000000000000000e+00 0.000000000000000000e+00 -1.656000000000000139e+00 8.799999999999996714e-02 -1.999999999999999778e+00 3.818330340740652631e-15 1.083153423902606249e+01 1.492663225000000082e+01 8.464000000000082569e-03 1.166400000000011872e-02 5.619445816186568674e-03 7.744000000000010424e-03
2.000000000000000000e+00 -2.240000000000000213e+00 3.989000000000000323e+00 -2.000000000000000000e+00 1.679149459193789508e-16 -8.586999999999999744e+00 3.130999999999999783e+00 -2.000000000000000444e+00 -4.051156769722535366e-16 -2.374999999999999889e-01 8.214999999999998970e-01 -2.000000000000000000e+00 0.000000000000000000e+00 1.154665570507544459e+01 1.591212100000000440e+01 7.113679244170096894e+00 9.803161000000001124e+00 4.897148563100135465e-01 6.748622499999997748e-01
2.000000000000000000e+00 2.875549999999999784e+01 4.004499999999998394e+00 -2.000000000000000000e+00 1.327781324270528695e-15 -2.117000000000000171e+01 2.101000000000000867e+00 -2.000000000000000000e+00 2.489977412987983396e-15 2.355000000000000426e-01 4.420499999999999652e+00 -2.000000000000000000e+00 0.000000000000000000e+00 1.163656339128943884e+01 1.603602024999999998e+01 3.203171919067210549e+00 4.414200999999997599e+00 1.417982704012345252e+01 1.954082024999999945e+01
2.000000000000000000e+00 1.099649999999999928e+01 4.491500000000000270e+00 -1.999999999999999778e+00 2.352541246077473690e-16 -1.152700000000000102e+01 6.749999999999998224e-01 -2.000000000000000000e+00 3.880675918011016330e-15 -1.798000000000000043e+00 5.969999999999999751e-01 -2.000000000000000000e+00 0.000000000000000000e+00 1.463898452709189968e+01 2.017357224999999588e+01 3.306249999999987810e-01 4.556249999999986700e-01 2.586287530864196937e-01 3.564089999999999758e-01
2.000000000000000000e+00 -1.186350000000000016e+01 2.370499999999999829e+00 -2.000000000000000000e+00 0.000000000000000000e+00 2.432500000000000107e+00 3.257500000000000284e+00 -2.000000000000000000e+00 0.000000000000000000e+00 3.849999999999997868e-02 8.455000000000000293e-01 -2.000000000000000000e+00 0.000000000000000000e+00 4.077632321330587395e+00 5.619270249999999578e+00 7.700111119684498462e+00 1.061130625000000194e+01 5.187467246227708273e-01 7.148702500000000404e-01
2.000000000000000000e+00 3.563499999999999890e+00 2.890499999999999847e+00 -2.000000000000000000e+00 0.000000000000000000e+00 -9.301000000000000156e+00 2.252000000000000224e+00 -2.000000000000000000e+00 -5.443686398382497481e-16 -2.303500000000000103e+00 1.360500000000000043e+00 -2.000000000000000000e+00 0.000000000000000000e+00 6.062811854938270351e+00 8.354990250000000174e+00 3.680144877914953039e+00 5.071504000000003565e+00 1.343152225308641867e+00 1.850960250000000196e+00
2.000000000000000000e+00 2.240700000000000003e+01 4.379999999999999005e+00 -2.000000000000000000e+00 0.000000000000000000e+00 -1.395650000000000013e+01 3.703500000000000014e+00 -2.000000000000000000e+00 0.000000000000000000e+00 2.806499999999999773e+00 1.085000000000000409e-01 -2.000000000000000000e+00 6.196463826578163391e-15 1.392119012345678009e+01 1.918439999999999657e+01 9.952973361111109085e+00 1.371591225000000236e+01 8.542551783264710694e-03 1.177224999999996677e-02
2.000000000000000000e+00 -1.338500000000000245e+00 3.053500000000000103e+00 -1.999999999999999778e+00 1.871792462934220391e-16 -5.482499999999999929e+00 1.972500000000000142e+00 -2.000000000000000000e+00 0.000000000000000000e+00 -2.552999999999999936e+00 7.139999999999999680e-01 -2.000000000000000000e+00 0.000000000000000000e+00 6.765875350137172894e+00 9.323862250000001239e+00 2.823333410493826801e+00 3.890756250000000360e+00 3.699342716049381363e-01 5.097960000000000269e-01
2.000000000000000000e+00 -1.292000000000000259e+00 3.813000000000000167e+00 -2.000000000000000000e+00 0.000000000000000000e+00 -6.005499999999999616e+00 4.183499999999999552e+00 -2.000000000000000000e+00 -2.911334712139970053e-16 -2.290000000000000036e+00 3.780000000000001137e-01 -2.000000000000000000e+00 0.000000000000000000e+00 1.055022579012345396e+01 1.453896900000000159e+01 1.270011607716049618e+01 1.750167225000000926e+01 1.036840000000000261e-01 1.428840000000000943e-01
2.000000000000000000e+00 2.702599999999999980e+01 7.710000000000007958e-01 -2.000000000000000000e+00 0.000000000000000000e+00 -1.648349999999999937e+01 2.714999999999996305e-01 -2.000000000000000000e+00 0.000000000000000000e+00 5.708999999999999631e+00 1.157999999999999918e+00 -2.000000000000000000e+00 1.215439854978588650e-15 4.313570493827169061e-01 5.944410000000012184e-01 5.348941049382700125e-02 7.371224999999978489e-02 9.730726419753090717e-01 1.340964000000000933e+00
2.000000000000000000e+00 9.365500000000000824e+00 4.817499999999999893e+00 -2.000000000000000444e+00 -5.719624835288155070e-16 -1.233750000000000036e+01 5.649999999999977263e-02 -2.000000000000000000e+00 0.000000000000000000e+00 -4.100000000000000311e-01 2.233999999999999986e+00 -2.000000000000000000e+00 0.000000000000000000e+00 1.684114404149519828e+01 2.320830625000001035e+01 2.316461248285303469e-03 3.192249999999974188e-03 3.621549964334703997e+00 4.990756000000000192e+00
2.000000000000000000e+00 -1.341949999999999932e+01 2.337499999999999467e+00 -1.999999999999999778e+00 -1.112667340986880453e-15 7.364999999999999325e-01 9.049999999999996936e-02 -2.000000000000000000e+00 1.828414044535006852e-15 1.322500000000000009e+00 1.756499999999999950e+00 -2.000000000000000000e+00 1.638912450194658670e-16 3.964892189643340892e+00 5.463906249999994635e+00 5.943267832647447860e-03 8.190249999999987471e-03 2.238847188271603894e+00 3.085292250000000180e+00
2.000000000000000000e+00 1.364150000000000063e+01 6.391500000000000625e+00 -2.000000000000000000e+00 0.000000000000000000e+00 -1.207799999999999940e+01 6.269999999999997797e-01 -2.000000000000000000e+00 -4.278890893108637579e-15 -3.160000000000000142e+00 8.899999999999999023e-01 -1.999999999999999556e+00 7.086841564399578552e-16 2.964379015123456895e+01 4.085127225000000806e+01 2.852746790123463216e-01 3.931290000000007279e-01 5.747886145404664804e-01 7.921000000000002483e-01
2.000000000000000000e+00 2.356750000000000256e+01 1.840500000000000469e+00 -2.000000000000000000e+00 -2.920428732050417361e-15 -1.314949999999999974e+01 3.925000000000000711e-01 -2.000000000000000000e+00 0.000000000000000000e+00 1.353499999999999925e+00 1.044999999999999263e-01 -2.000000000000000000e+00 3.230281118317214833e-15 2.458101361111117544e+00 3.387440250000007591e+00 1.117911608367626874e-01 1.540562500000000890e-01 7.924296639231831474e-03 1.092025000000000461e-02
2.000000000000000000e+00 -3.891999999999999904e+00 3.804999999999999716e+00 -2.000000000000000000e+00 -1.934717141618956390e-16 -7.840500000000000469e+00 3.598500000000000032e+00 -1.999999999999999778e+00 3.812112348051681793e-16 -2.802999999999999936e+00 1.173000000000000043e+00 -2.000000000000000000e+00 0.000000000000000000e+00 1.050600168038408633e+01 1.447802500000000592e+01 9.396609040123456325e+00 1.294920225000000436e+01 9.984450493827158324e-01 1.375929000000000402e+00
2.000000000000000000e+00 -3.183499999999999996e+00 4.662499999999999645e+00 -2.000000000000000000e+00 0.000000000000000000e+00 -5.588000000000000078e+00 3.930000000000000160e+00 -2.000000000000000000e+00 -1.755916305483926937e-16 -6.864999999999999991e-01 6.144999999999999352e-01 -1.999999999999999778e+00 2.392294118086561092e-16 1.577487161351165490e+01 2.173890624999999588e+01 1.120761604938271638e+01 1.544490000000000407e+01 2.740134735939641630e-01 3.776102500000000362e-01
2.000000000000000000e+00 2.727949999999999875e+01 4.524999999999987921e-01 -2.000000000000000000e+00 1.183291060373639384e-14 -1.620050000000000168e+01 6.525000000000007461e-01 -1.999999999999999778e+00 3.996397529053681341e-15 4.658000000000000362e+00 1.393000000000000016e+00 -2.000000000000000000e+00 -4.928765167822288433e-16 1.485816958161843560e-01 2.047562499999975305e-01 3.089506944444460612e-01 4.257562500000019456e-01 1.408089877914952437e+00 1.940449000000000312e+00
1.000000000000000000e+00 5.048000000000000043e+00 5.910000000000001918e-01 -2.000000000000000000e+00 0.000000000000000000e+00 5.814000000000000057e+00 1.260000000000003340e-01 -2.000000000000000000e+00 0.000000000000000000e+00 5.817999999999999616e+00 2.999999999999669598e-03 -2.000000000000000000e+00 4.441040799841722125e-13 2.534563086419753808e-01 3.492810000000002857e-01 1.152044444444450325e-02 1.587600000000008449e-02 6.530864197527154397e-06 8.999999999995749817e-06
1.000000000000000000e+00 5.035999999999999588e+00 2.860000000000000320e-01 -2.000000000000000000e+00 4.671675901643541371e-15 5.555500000000000327e+00 1.884999999999998899e-01 -2.000000000000000000e+00 -6.992942485879538038e-15 6.868000000000000327e+00 1.970000000000000639e-01 -2.000000000000000000e+00 0.000000000000000000e+00 5.935539643347070848e-02 8.179600000000024351e-02 2.578403326474633037e-02 3.553225000000010542e-02 2.816181207133060249e-02 3.880900000000003097e-02
1.000000000000000000e+00 5.695000000000000284e+00 4.359999999999999432e-01 -2.000000000000000000e+00 0.000000000000000000e+00 6.708000000000000185e+00 2.580000000000000071e-01 -2.000000000000000000e+00 0.000000000000000000e+00 4.346499999999999808e+00 2.435000000000000497e-01 -2.000000000000000000e+00 0.000000000000000000e+00 1.379434622770918384e-01 1.900959999999999595e-01 4.830227160493826000e-02 6.656399999999999817e-02 4.302551474622771932e-02 5.929225000000001855e-02
1.000000000000000000e+00 5.618000000000000327e+00 2.520000000000002238e-01 -2.000000000000000000e+00 -5.203192227791581964e-15 5.513500000000000512e+00 3.550000000000030909e-02 -1.999999999999999778e+00 -3.748697828372911067e-14 5.391000000000000014e+00 4.699999999999970868e-02 -2.000000000000000000e+00 0.000000000000000000e+00 4.608177777777804074e-02 6.350400000000031020e-02 9.145024005487391219e-04 1.260250000000049091e-03 1.602964334705055246e-03 2.208999999999972704e-03
1.000000000000000000e+00 4.386499999999999844e+00 5.049999999999998934e-02 -1.999999999999999778e+00 2.641313026910211622e-14 4.345000000000000639e+00 6.000000000000005329e-02 -2.000000000000000000e+00 -2.227382935372413286e-14 7.866500000000000270e+00 5.949999999999988631e-02 -2.000000000000000000e+00 0.000000000000000000e+00 1.850592935528081297e-03 2.550249999999960968e-03 2.612345679012395214e-03 3.600000000000051943e-03 2.568987997256505246e-03 3.540249999999987417e-03
1.000000000000000000e+00 4.355999999999999872e+00 1.799999999999979394e-02 -2.000000000000000000e+00 0.000000000000000000e+00 4.811499999999999666e+00 1.500000000000056843e-03 -2.000000000000000000e+00 0.000000000000000000e+00 7.497999999999999332e+00 6.999999999999984013e-02 -1.999999999999999778e+00 1.896563567030050104e-14 2.351111111111057279e-04 3.239999999999925340e-04 1.632716049382839555e-06 2.250000000000170734e-06 3.555692729766734509e-03 4.899999999999923514e-03
1.000000000000000000e+00 4.743500000000000050e+00 5.449999999999999289e-02 -2.000000000000000000e+00 0.000000000000000000e+00 4.934499999999999886e+00 2.175000000000002487e-01 -2.000000000000000000e+00 0.000000000000000000e+00 7.298000000000000043e+00 5.799999999999982947e-02 -2.000000000000000000e+00 0.000000000000000000e+00 2.155366598079559975e-03 2.970249999999999366e-03 3.432785493827168050e-02 4.730625000000011210e-02 2.441091906721521484e-03 3.363999999999980287e-03
1.000000000000000000e+00 1.255499999999999972e+01 7.826000000000000512e+00 -2.000000000000000000e+00 1.778901573013571215e-16 8.272500000000000853e+00 6.305000000000000604e-01 -2.000000000000000000e+00 -2.104013716307186072e-15 4.002500000000000391e+00 3.554499999999999993e+00 -2.000000000000000000e+00 -2.373263211334498684e-16 4.444345679561041607e+01 6.124627600000000172e+01 2.884684530178330819e-01 3.975302500000006400e-01 9.168223267832647849e+00 1.263447025000000501e+01
1.000000000000000000e+00 1.199949999999999939e+01 1.931499999999999773e+00 -2.000000000000000000e+00 0.000000000000000000e+00 5.060000000000000053e-01 2.810000000000000275e-01 -2.000000000000000000e+00 0.000000000000000000e+00 3.461000000000000298e+00 1.119999999999998774e-01 -1.999999999999999778e+00 -5.865024051687959656e-15 2.707182716392316557e+00 3.730692250000000154e+00 5.729817421124829696e-02 7.896100000000001728e-02 9.102573388202951643e-03 1.254399999999993194e-02
1.000000000000000000e+00 7.505000000000000782e+00 2.212000000000000188e+00 -2.000000000000000000e+00 -5.744376395034715728e-16 1.564999999999999947e+00 2.290999999999999925e+00 -2.000000000000000000e+00 0.000000000000000000e+00 8.190999999999998948e+00 2.046000000000000263e+00 -2.000000000000000000e+00 1.244413101201476450e-15 3.550572532235940493e+00 4.892944000000002625e+00 3.808713647462275365e+00 5.248681000000001262e+00 3.037661679012348959e+00 4.186116000000004611e+00
1.000000000000000000e+00 9.443500000000000227e+00 1.730499999999999705e+00 -2.000000000000000000e+00 -7.712548705921298128e-16 1.243350000000000044e+01 2.296499999999999986e+00 -2.000000000000000000e+00 0.000000000000000000e+00 1.220250000000000057e+01 3.636499999999999844e+00 -2.000000000000000000e+00 0.000000000000000000e+00 2.173058164951986448e+00 2.994630249999997496e+00 3.827022743827160234e+00 5.273912249999999524e+00 9.596112428326472710e+00 1.322413225000000025e+01
1.000000000000000000e+00 6.936999999999999389e+00 5.699999999999998401e-01 -2.000000000000000000e+00 2.323043646586256212e-15 3.088000000000000078e+00 7.229999999999998650e-01 -2.000000000000000000e+00 0.000000000000000000e+00 4.015000000000000568e+00 6.300000000000016698e-02 -2.000000000000000000e+00 -2.113796842540319085e-14 2.357641975308635840e-01 3.248999999999994115e-01 3.793191234567899750e-01 5.227289999999997772e-01 2.880111111111173516e-03 3.969000000000069694e-03
1.000000000000000000e+00 1.656400000000000006e+01 2.243999999999999773e+00 -2.000000000000000000e+00 0.000000000000000000e+00 1.061749999999999972e+01 1.975500000000000256e+00 -2.000000000000000000e+00 0.000000000000000000e+00 3.872500000000000497e+00 9.585000000000001297e-01 -2.000000000000000000e+00 -6.303821142899125890e-16 3.654044641975306984e+00 5.035535999999999568e+00 2.831928027777777856e+00 3.902600250000001214e+00 6.666722500000002993e-01 9.187222500000007397e-01
1.000000000000000000e+00 8.284499999999999531e+00 5.814999999999996838e-01 -2.000000000000000000e+00 2.329083321903922664e-15 6.890000000000000568e-01 1.406000000000000139e+00 -2.000000000000000000e+00 0.000000000000000000e+00 7.525999999999999801e+00 6.920000000000001705e-01 -2.000000000000000000e+00 0.000000000000000000e+00 2.453734571330591085e-01 3.381422500000000886e-01 1.434494161865569106e+00 1.976836000000000704e+00 3.474884170096022573e-01 4.788640000000002894e-01
1.000000000000000000e+00 1.661499999999999977e+00 2.206500000000000128e+00 -2.000000000000000000e+00 0.000000000000000000e+00 1.134549999999999947e+01 4.965500000000000469e+00 -2.000000000000000000e+00 2.901825210478184047e-16 1.537150000000000105e+01 2.766500000000000625e+00 -2.000000000000000000e+00 0.000000000000000000e+00 3.532937929012345712e+00 4.868642250000000615e+00 1.789180335013717738e+01 2.465619025000000164e+01 5.553790494170096181e+00 7.653522250000005300e+00
1.000000000000000000e+00 5.787499999999999645e+00 4.244999999999996554e-01 -2.000000000000000444e+00 3.084154177951526105e-15 5.086999999999999744e+00 8.850000000000002309e-01 -2.000000000000000000e+00 1.521612344720444321e-15 1.101849999999999952e+01 2.517500000000000071e+00 -2.000000000000000000e+00 0.000000000000000000e+00 1.307625956790124111e-01 1.802002500000000618e-01 5.683484567901230244e-01 7.832249999999997270e-01 4.599039103223594438e+00 6.337806249999999864e+00
1.000000000000000000e+00 5.420500000000000540e+00 1.614999999999997549e-01 -1.999999999999999778e+00 -8.236499406817876054e-15 4.371500000000000163e+00 1.122499999999999831e+00 -1.999999999999999778e+00 -6.279732838937009995e-16 3.233000000000000096e+00 1.292000000000000259e+00 -2.000000000000000000e+00 3.088687277556687940e-16 1.892662585733864006e-02 2.608224999999979657e-02 9.143255229766794612e-01 1.260006249999999328e+00 1.211304054869684066e+00 1.669264000000000303e+00
1.000000000000000000e+00 1.609750000000000014e+01 3.530499999999999972e+00 -2.000000000000000000e+00 0.000000000000000000e+00 1.203200000000000003e+01 1.054000000000000270e+00 -2.000000000000000000e+00 0.000000000000000000e+00 4.104499999999999815e+00 5.585000000000002185e-01 -2.000000000000000000e+00 1.194928637556776412e-15 9.044833473593962836e+00 1.246443024999999949e+01 8.061379478737999982e-01 1.110916000000000681e+00 2.263468727709194162e-01 3.119222500000005116e-01
1.000000000000000000e+00 9.019000000000000128e+00 1.079000000000000181e+00 -2.000000000000000444e+00 1.325675270205441015e-15 3.084499999999999797e+00 1.513499999999999845e+00 -1.999999999999999778e+00 1.280922768268583690e-16 4.989499999999999602e+00 1.148499999999999854e+00 -1.999999999999999778e+00 1.172565775218608160e-15 8.448333182441692957e-01 1.164240999999999859e+00 1.662237188271604271e+00 2.290682249999999698e+00 9.571723460219483393e-01 1.319052250000000592e+00
1.000000000000000000e+00 3.478999999999999648e+00 3.528000000000000025e+00 -2.000000000000000000e+00 1.618096708351128512e-16 2.161500000000000199e+00 4.198500000000000121e+00 -2.000000000000000000e+00 0.000000000000000000e+00 1.324350000000000094e+01 4.065500000000000114e+00 -2.000000000000000000e+00 0.000000000000000000e+00 9.032028444444440751e+00 1.244678399999999918e+01 1.279135224999999743e+01 1.762740225000000294e+01 1.199377989334704786e+01 1.652829024999999774e+01
1.000000000000000000e+00 1.480100000000000016e+01 8.269999999999999574e-01 -2.000000000000000000e+00 0.000000000000000000e+00 7.163000000000000256e+00 1.433999999999999719e+00 -2.000000000000000000e+00 -9.035954128297984553e-16 1.315099999999999980e+01 5.390000000000000568e+00 -2.000000000000000000e+00 1.815030383767518788e-16 4.962941577503428570e-01 6.839289999999998981e-01 1.492197975308641844e+00 2.056356000000000517e+00 2.108170219478737195e+01 2.905209999999999937e+01
1.000000000000000000e+00 7.709999999999999964e+00 8.800000000000007816e-02 -2.000000000000000000e+00 0.000000000000000000e+00 2.644499999999999851e+00 6.234999999999999432e-01 -2.000000000000000000e+00 0.000000000000000000e+00 3.433499999999999996e+00 7.750000000000012434e-02 -2.000000000000000000e+00 0.000000000000000000e+00 5.619445816186564337e-03 7.744000000000014761e-03 2.820986834705074275e-01 3.887522499999999659e-01 4.358444787379986245e-03 6.006250000000019386e-03
1.000000000000000000e+00 1.279199999999999982e+01 1.807999999999999829e+00 -2.000000000000000000e+00 0.000000000000000000e+00 1.034100000000000108e+01 1.033999999999999808e+00 -1.999999999999999778e+00 -2.611090721500478387e-15 1.971000000000000085e+00 4.849999999999999867e-01 -2.000000000000000000e+00 -7.298712844305615748e-16 2.372056318244169404e+00 3.268863999999999770e+00 7.758347379972545532e-01 1.069155999999997997e+00 1.706913923182440396e-01 2.352249999999999341e-01
1.000000000000000000e+00 1.260800000000000054e+01 1.834000000000000519e+00 -2.000000000000000000e+00 -1.511790186481696361e-15 5.163999999999999702e+00 1.744000000000000217e+00 -2.000000000000000000e+00 7.534827059756604801e-16 3.342499999999999805e+00 1.983499999999999819e+00 -2.000000000000000000e+00 0.000000000000000000e+00 2.440769717421128249e+00 3.363556000000005319e+00 2.207095396433469414e+00 3.041535999999999351e+00 2.854910864540465276e+00 3.934272249999998472e+00
1.000000000000000000e+00 7.700499999999999901e+00 8.704999999999998295e-01 -2.000000000000000000e+00 0.000000000000000000e+00 1.099999999999999867e-01 1.725000000000000089e+00 -2.000000000000000000e+00 0.000000000000000000e+00 1.059349999999999881e+01 7.534999999999998366e-01 -2.000000000000000000e+00 3.503436323051736279e-15 5.498771772976677186e-01 7.577702499999996455e-01 2.159266975308641534e+00 2.975625000000000409e+00 4.119975723593972683e-01 5.677622500000010231e-01
1.000000000000000000e+00 1.906500000000000083e+00 4.147499999999999964e+00 -2.000000000000000000e+00 0.000000000000000000e+00 6.658500000000000085e+00 2.206500000000000128e+00 -2.000000000000000000e+00 0.000000000000000000e+00 2.058749999999999858e+01 5.217500000000000249e+00 -2.000000000000000000e+00 6.003217475808475355e-16 1.248248155864197351e+01 1.720175624999999897e+01 3.532937929012345712e+00 4.868642250000000615e+00 1.975390947359395355e+01 2.722230624999999904e+01
1.000000000000000000e+00 6.108000000000000540e+00 1.800000000000001599e-01 -2.000000000000000000e+00 -7.436228892218802192e-15 2.753000000000000114e+00 3.660000000000001030e-01 -2.000000000000000000e+00 0.000000000000000000e+00 6.123999999999999666e+00 1.080000000000000071e+00 -2.000000000000000000e+00 0.000000000000000000e+00 2.351111111111101395e-02 3.239999999999992192e-02 9.720538271604942104e-02 1.339560000000000750e-01 8.464000000000000412e-01 1.166400000000000103e+00
1.000000000000000000e+00 1.296750000000000114e+01 1.324499999999999567e+00 -1.999999999999999778e+00 -2.006797874195940287e-15 9.506000000000000227e+00 1.225999999999999979e+00 -2.000000000000000000e+00 -2.108661475063167606e-15 2.415499999999999758e+00 3.114999999999998881e-01 -1.999999999999999778e+00 2.180919820595919707e-15 1.273010743827157398e+00 1.754300249999996675e+00 1.090709470507542411e+00 1.503075999999998302e+00 7.041160528120718465e-02 9.703225000000005596e-02
1.000000000000000000e+00 1.172799999999999976e+01 1.125000000000000000e+00 -2.000000000000000000e+00 0.000000000000000000e+00 6.021000000000000796e+00 1.338999999999999968e+00 -1.999999999999999778e+00 -1.017398702875106676e-15 3.879499999999999726e+00 9.064999999999998614e-01 -2.000000000000000000e+00 0.000000000000000000e+00 9.184027777777775681e-01 1.265625000000000000e+00 1.301035951989026662e+00 1.792921000000001097e+00 5.962985600137170605e-01 8.217422499999997854e-01
1.000000000000000000e+00 9.576000000000000512e+00 2.590000000000003411e-01 -2.000000000000000000e+00 0.000000000000000000e+00 -8.750000000000002220e-02 7.115000000000000213e-01 -2.000000000000000000e+00 0.000000000000000000e+00 8.931999999999998607e+00 4.509999999999996234e-01 -2.000000000000000000e+00 5.900043643701006074e-15 4.867743347050766667e-02 6.708100000000019603e-02 3.673482307956103532e-01 5.062322500000000502e-01 1.475982565157754334e-01 2.034010000000003593e-01
1.000000000000000000e+00 3.139499999999999957e+00 2.549500000000000099e+00 -2.000000000000000000e+00 0.000000000000000000e+00 9.038499999999999091e+00 5.571499999999999453e+00 -2.000000000000000000e+00 4.930092245135526104e-16 2.202250000000000085e+01 3.779500000000000526e+00 -1.999999999999999778e+00 -1.381899481344212008e-15 4.716699152606309120e+00 6.499950250000002150e+00 2.252539489746225954e+01 3.104161224999999291e+01 1.036565721844994314e+01 1.428462025000001745e+01
1.000000000000000000e+00 5.458000000000000185e+00 3.950000000000000178e-01 -2.000000000000000444e+00 -3.377693320280412895e-15 5.058500000000000441e+00 6.945000000000001172e-01 -2.000000000000000000e+00 -1.905729796336226188e-15 2.891000000000000014e+00 4.479999999999999538e-01 -2.000000000000000000e+00 0.000000000000000000e+00 1.132197873799722365e-01 1.560249999999997195e-01 3.500037067901239918e-01 4.823302500000007376e-01 1.456411742112482255e-01 2.007039999999999935e-01
1.000000000000000000e+00 1.123900000000000077e+01 1.165999999999999481e+00 -1.999999999999999778e+00 -2.311152049442303069e-15 4.061499999999999666e+00 8.444999999999998064e-01 -2.000000000000000000e+00 8.295141178487622018e-16 5.238999999999999879e+00 7.199999999999997513e-01 -2.000000000000000000e+00 0.000000000000000000e+00 9.865639561042496286e-01 1.359555999999997100e+00 5.175203734567900282e-01 7.131802500000000711e-01 3.761777777777775000e-01 5.183999999999996389e-01
1.000000000000000000e+00 1.557450000000000045e+01 2.449500000000000455e+00 -2.000000000000000000e+00 0.000000000000000000e+00 4.607000000000000206e+00 1.091999999999999860e+00 -2.000000000000000000e+00 -5.968158586269834123e-16 6.348499999999999588e+00 1.560499999999999776e+00 -2.000000000000000000e+00 8.180445246262250322e-16 4.353945929012345673e+00 6.000050250000003693e+00 8.653133827160491842e-01 1.192464000000000413e+00 1.767077876886143706e+00 2.435160249999998250e+00
1.000000000000000000e+00 3.634500000000000064e+00 2.204999999999999183e-01 -2.000000000000000000e+00 0.000000000000000000e+00 -4.236499999999999488e+00 3.725000000000000533e-01 -1.999999999999999778e+00 -3.490476865302828361e-15 9.822499999999999787e+00 1.030499999999999972e+00 -2.000000000000000000e+00 0.000000000000000000e+00 3.528136111111107587e-02 4.862024999999996905e-02 1.006886917009599536e-01 1.387562499999997478e-01 7.705913611111108175e-01 1.061930249999999853e+00
1.000000000000000000e+00 -2.987999999999999989e+00 3.678999999999999826e+00 -2.000000000000000000e+00 0.000000000000000000e+00 -8.235000000000000098e-01 1.067499999999999893e+00 -2.000000000000000000e+00 0.000000000000000000e+00 2.250399999999999778e+01 4.342000000000000526e+00 -2.000000000000000000e+00 1.215202857595724705e-15 9.821723853223589984e+00 1.353504099999999966e+01 8.269207904663921083e-01 1.139556250000000048e+00 1.368068306721537830e+01 1.885296400000001782e+01
1.000000000000000000e+00 6.209999999999999964e+00 9.519999999999999574e-01 -2.000000000000000000e+00 0.000000000000000000e+00 -3.512999999999999901e+00 2.800000000000002487e-02 -2.000000000000000000e+00 0.000000000000000000e+00 1.275199999999999889e+01 1.469999999999993534e-01 -1.999999999999999778e+00 1.815807899902805749e-14 6.576609272976680076e-01 9.063039999999998875e-01 5.689108367626894650e-04 7.840000000000014926e-04 1.568060493827124618e-02 2.160899999999958687e-02
1.000000000000000000e+00 1.262449999999999939e+01 2.309499999999999886e+00 -2.000000000000000000e+00 0.000000000000000000e+00 3.055000000000000160e+00 2.017000000000000348e+00 -2.000000000000000000e+00 -3.247160660789567599e-16 2.576500000000000234e+00 3.994999999999999662e-01 -2.000000000000000000e+00 -1.523589362740606608e-15 3.870473308984909266e+00 5.333790249999999844e+00 2.952160330589848058e+00 4.068289000000000044e+00 1.158141731824418041e-01 1.596002500000001101e-01
1.000000000000000000e+00 1.515350000000000108e+01 2.105000000000005755e-01 -2.000000000000000000e+00 -1.255387292197661493e-14 8.100500000000000256e+00 1.469500000000000028e+00 -2.000000000000000000e+00 0.000000000000000000e+00 4.831500000000000128e+00 5.255000000000000782e-01 -2.000000000000000000e+00 0.000000000000000000e+00 3.215380281207117635e-02 4.431024999999992608e-02 1.566993967421124401e+00 2.159430250000000218e+00 2.003888645404664215e-01 2.761502500000000970e-01
1.000000000000000000e+00 7.770500000000000185e+00 4.224999999999999312e-01 -2.000000000000000000e+00 -3.128160475150795737e-15 -2.550000000000000044e-01 1.144000000000000128e+00 -2.000000000000000000e+00 0.000000000000000000e+00 6.667500000000000426e+00 5.755000000000003446e-01 -2.000000000000000000e+00 -2.329883668885115934e-15 1.295333419067217495e-01 1.785062500000002272e-01 9.496863429355281161e-01 1.308736000000000343e+00 2.403359838820300076e-01 3.312002499999999738e-01
1.000000000000000000e+00 3.645000000000000018e+00 1.741000000000000103e+00 -2.000000000000000000e+00 0.000000000000000000e+00 1.084049999999999869e+01 5.667499999999999538e+00 -1.999999999999999778e+00 5.464414726428798596e-16 1.784199999999999875e+01 3.788999999999999702e+00 -1.999999999999999778e+00 1.436842194717734221e-15 2.199508709190672207e+00 3.031081000000000358e+00 2.330833231310013787e+01 3.212055625000000703e+01 1.041783211111111740e+01 1.435652100000000608e+01
1.000000000000000000e+00 8.315000000000001279e+00 4.850000000000003197e-01 -2.000000000000000000e+00 -5.474034633229200816e-15 1.431000000000000050e+00 3.739999999999999991e-01 -2.000000000000000000e+00 -8.621618409651180255e-16 9.129500000000000171e+00 3.842499999999999805e+00 -2.000000000000000000e+00 -3.131039769667732412e-16 1.706913923182450665e-01 2.352250000000010166e-01 1.015012400548695737e-01 1.398759999999999726e-01 1.071410494684499248e+01 1.476480625000000302e+01
1.000000000000000000e+00 9.843999999999999417e+00 3.691999999999999726e+00 -2.000000000000000000e+00 3.529759659640520772e-16 2.372500000000000053e+00 1.029500000000000082e+00 -2.000000000000000000e+00 0.000000000000000000e+00 3.872499999999999609e+00 4.515000000000000124e-01 -2.000000000000000000e+00 1.432420686001263467e-15 9.891257964334704056e+00 1.363086400000000076e+01 7.690965188614540260e-01 1.059870250000000125e+00 1.479257067901235956e-01 2.038522500000002069e-01
3.000000000000000000e+00 3.677999999999999936e+00 5.899999999999994138e-02 -1.999999999999999778e+00 1.128392943625089716e-14 -1.523000000000000131e+00 1.360000000000000098e-01 -2.000000000000000000e+00 2.499893697371738520e-15 9.090500000000000469e+00 2.904999999999997584e-01 -2.000000000000000000e+00 0.000000000000000000e+00 2.525993141289410108e-03 3.480999999999970663e-03 1.342165157750340246e-02 1.849599999999998121e-02 6.123791803840867437e-02 8.439024999999984733e-02
3.000000000000000000e+00 3.668000000000000149e+00 3.000000000000002665e-02 -2.000000000000000000e+00 -2.227382935372413286e-14 -1.552499999999999991e+00 5.500000000000060396e-03 -2.000000000000000000e+00 0.000000000000000000e+00 9.110500000000000043e+00 4.550000000000054001e-02 -2.000000000000000000e+00 0.000000000000000000e+00 6.530864197530761436e-04 8.999999999999901091e-04 2.195096021947921417e-05 3.025000000000066752e-05 1.502280178326509960e-03 2.070250000000049048e-03
3.000000000000000000e+00 3.616999999999999993e+00 7.000000000000117240e-03 -2.000000000000000000e+00 0.000000000000000000e+00 -1.598999999999999977e+00 3.800000000000003375e-02 -2.000000000000000000e+00 0.000000000000000000e+00 9.107499999999999929e+00 9.149999999999991473e-02 -2.000000000000000000e+00 0.000000000000000000e+00 3.555692729766921642e-05 4.900000000000164505e-05 1.047840877914953377e-03 1.444000000000002790e-03 6.075336419753074070e-03 8.372249999999983872e-03
3.000000000000000000e+00 3.579000000000000181e+00 2.000000000000001776e-02 -2.000000000000000000e+00 0.000000000000000000e+00 -1.642999999999999794e+00 1.300000000000001155e-02 -2.000000000000000000e+00 -2.563845743851197657e-14 9.092999999999999972e+00 3.400000000000069633e-02 -2.000000000000000000e+00 0.000000000000000000e+00 2.902606310013721683e-04 4.000000000000007781e-04 1.226351165980822167e-04 1.690000000000027797e-04 8.388532235939986492e-04 1.156000000000047181e-03
3.000000000000000000e+00 6.155499999999999972e+00 3.806499999999999773e+00 -2.000000000000000000e+00 0.000000000000000000e+00 -3.719500000000000028e+00 2.558499999999999552e+00 -1.999999999999999778e+00 3.181963570861646426e-16 1.740899999999999892e+01 5.162999999999999368e+00 -1.999999999999999778e+00 5.162782492509798238e-16 1.051428662585733598e+01 1.448944224999999975e+01 4.750058806927294874e+00 6.545922249999998499e+00 1.934338134567900980e+01 2.665656900000000817e+01
3.000000000000000000e+00 8.760500000000000398e+00 1.173499999999999766e+00 -2.000000000000000000e+00 -2.267121982045542444e-15 -8.786999999999999034e+00 2.001999999999999780e+00 -2.000000000000000000e+00 -1.328278806964594955e-15 1.857450000000000045e+01 7.594999999999991758e-01 -2.000000000000000000e+00 0.000000000000000000e+00 9.992964200960193777e-01 1.377102249999997863e+00 2.908414425240056556e+00 4.008004000000001454e+00 4.185850373799714919e-01 5.768402499999989441e-01
3.000000000000000000e+00 5.355500000000000149e+00 3.398499999999999854e+00 -2.000000000000000000e+00 -4.525518969861859817e-16 -9.850999999999999091e+00 1.088000000000000078e+00 -2.000000000000000000e+00 -2.499893697371738520e-15 -4.346000000000000085e+00 1.205999999999999739e+00 -2.000000000000000000e+00 5.696535600347177163e-16 8.381132222565151224e+00 1.154980224999999727e+01 8.589857009602177573e-01 1.183743999999998797e+00 1.055413777777776563e+00 1.454435999999999174e+00
3.000000000000000000e+00 1.743299999999999983e+01 1.173000000000000043e+00 -2.000000000000000000e+00 4.471256145845173651e-15 2.697499999999999787e+00 8.785000000000000586e-01 -2.000000000000000000e+00 7.368811483377164863e-16 5.509000000000000341e+00 6.859999999999999432e-01 -2.000000000000000000e+00 0.000000000000000000e+00 9.984450493827125017e-01 1.375928999999996405e+00 5.600304941700963157e-01 7.717622500000004271e-01 3.414887297668037225e-01 4.705960000000000143e-01
3.000000000000000000e+00 1.082850000000000001e+01 1.745499999999999829e+00 -2.000000000000000000e+00 0.000000000000000000e+00 1.738500000000000156e+00 2.325000000000000400e-01 -2.000000000000000000e+00 -1.449274607986769520e-15 6.746000000000000441e+00 1.120999999999999996e+00 -2.000000000000000444e+00 -1.182182840086747971e-15 2.210893638203017542e+00 3.046770249999999347e+00 3.922600308641971401e-02 5.405624999999997238e-02 9.118835240054876667e-01 1.256641000000000785e+00
3.000000000000000000e+00 6.989499999999999602e+00 1.674999999999999822e-01 -2.000000000000000000e+00 7.936413398403684044e-15 2.205000000000000071e+00 1.200000000000001066e-01 -2.000000000000000000e+00 0.000000000000000000e+00 5.559999999999999609e+00 2.259999999999999787e-01 -2.000000000000000000e+00 0.000000000000000000e+00 2.035906207133070939e-02 2.805625000000012276e-02 1.044938271604940044e-02 1.440000000000002910e-02 3.706337997256514694e-02 5.107599999999999640e-02
3.000000000000000000e+00 7.734999999999999432e+00 2.680000000000002380e-01 -2.000000000000000000e+00 4.956653535067693677e-15 1.551499999999999879e+00 1.655000000000000915e-01 -2.000000000000000000e+00 2.009072295446437790e-15 6.499499999999999389e+00 4.415000000000000036e-01 -2.000000000000000444e+00 3.063950325781297268e-15 5.211919890260618971e-02 7.182399999999992957e-02 1.987577812071329025e-02 2.739025000000000140e-02 1.414456382030181147e-01 1.949222500000003799e-01
3.000000000000000000e+00 6.167500000000000426e+00 4.685000000000001386e-01 -2.000000000000000000e+00 -2.834071168073901542e-15 8.385000000000000231e-01 4.014999999999999680e-01 -2.000000000000000000e+00 -2.144191618110768944e-16 6.362000000000000099e+00 1.939999999999999503e-01 -2.000000000000000000e+00 0.000000000000000000e+00 1.592748974622767988e-01 2.194922499999997501e-01 1.169766670096021727e-01 1.612022500000000469e-01 2.731062277091905049e-02 3.763599999999998197e-02
3.000000000000000000e+00 7.756499999999999950e+00 3.404999999999995808e-01 -2.000000000000000000e+00 0.000000000000000000e+00 -1.458499999999999908e+00 2.125000000000000222e-01 -2.000000000000000000e+00 -1.536640864533088317e-15 7.497999999999999332e+00 3.050000000000001599e-01 -2.000000000000000000e+00 4.340993009788592979e-15 8.413222530864175597e-02 1.159402499999997033e-01 3.276770404663927050e-02 4.515625000000005745e-02 6.750373799725634116e-02 9.302499999999988556e-02
3.000000000000000000e+00 7.083499999999999908e+00 1.725000000000003197e-01 -2.000000000000000000e+00 0.000000000000000000e+00 -3.248499999999999943e+00 2.385000000000001563e-01 -2.000000000000000000e+00 0.000000000000000000e+00 5.240499999999999936e+00 3.994999999999997442e-01 -2.000000000000000000e+00 0.000000000000000000e+00 2.159266975308649431e-02 2.975625000000010900e-02 4.127669444444448388e-02 5.688225000000008552e-02 1.158141731824415405e-01 1.596002499999997770e-01
3.000000000000000000e+00 9.777000000000001023e+00 6.019999999999994245e-01 -1.999999999999999778e+00 -4.516365880040181039e-15 -3.987999999999999545e+00 9.069999999999998064e-01 -2.000000000000000000e+00 -7.439750529210518608e-16 7.528499999999999304e+00 1.065499999999999670e+00 -2.000000000000000000e+00 1.284925367866573607e-15 2.629790342935512948e-01 3.624039999999984496e-01 5.969565445816185090e-01 8.226490000000001857e-01 8.238251608367629375e-01 1.135290249999999945e+00
3.000000000000000000e+00 1.066699999999999982e+01 5.100000000000015632e-02 -2.000000000000000000e+00 0.000000000000000000e+00 -1.081499999999999906e+00 1.345000000000000084e-01 -2.000000000000000000e+00 -1.158555299520721339e-15 6.532000000000000028e+00 1.600000000000001421e-01 -2.000000000000000000e+00 0.000000000000000000e+00 1.887419753086431095e-03 2.601000000000016060e-03 1.312721844993139722e-02 1.809024999999999175e-02 1.857668038408781877e-02 2.560000000000004980e-02
3.000000000000000000e+00 9.814999999999999503e+00 7.240000000000001990e-01 -2.000000000000000000e+00 0.000000000000000000e+00 -4.014999999999999680e-01 5.514999999999999902e-01 -2.000000000000000000e+00 0.000000000000000000e+00 4.740499999999999936e+00 2.255000000000002558e-01 -2.000000000000000000e+00 0.000000000000000000e+00 3.803691412894377177e-01 5.241760000000003084e-01 2.207085600137173587e-01 3.041522500000000129e-01 3.689956412894383753e-02 5.085025000000011758e-02
3.000000000000000000e+00 7.496500000000000163e+00 4.344999999999998863e-01 -2.000000000000000000e+00 0.000000000000000000e+00 3.282000000000000028e+00 4.889999999999998792e-01 -2.000000000000000000e+00 0.000000000000000000e+00 1.040000000000000036e+00 2.060000000000000164e-01 -1.999999999999999778e+00 -8.929787176824163943e-16 1.369959427297667010e-01 1.887902499999999095e-01 1.735185308641973845e-01 2.391209999999999170e-01 3.079375034293553928e-02 4.243600000000003619e-02
3.000000000000000000e+00 3.145000000000000018e+00 8.180000000000000604e-01 -2.000000000000000000e+00 0.000000000000000000e+00 6.925000000000000711e+00 4.559999999999999609e-01 -1.999999999999999778e+00 -2.927222336928244500e-15 -1.956999999999999851e+00 5.070000000000000062e-01 -2.000000000000000000e+00 -6.389216656762241233e-16 4.855508861454045921e-01 6.691240000000001631e-01 1.508890864197526827e-01 2.079359999999996211e-01 1.865280123456790617e-01 2.570490000000001385e-01
3.000000000000000000e+00 2.569499999999999673e+00 5.649999999999999467e-02 -2.000000000000000000e+00 1.179708191785167226e-14 7.136000000000000121e+00 3.699999999999992184e-02 -2.000000000000000000e+00 0.000000000000000000e+00 -3.830000000000000071e+00 6.250000000000000000e-01 -2.000000000000000000e+00 0.000000000000000000e+00 2.316461248285299566e-03 3.192249999999978525e-03 9.934170096021904817e-04 1.368999999999994353e-03 2.834576474622770292e-01 3.906250000000000000e-01
3.000000000000000000e+00 4.815000000000000391e-01 1.132500000000000062e+00 -2.000000000000000000e+00 0.000000000000000000e+00 7.924500000000000099e+00 7.215000000000002522e-01 -2.000000000000000000e+00 1.921385815213695529e-15 -1.187000000000000055e+00 1.679000000000000048e+00 -2.000000000000000000e+00 0.000000000000000000e+00 9.306889660493827821e-01 1.282556250000000064e+00 3.777468179012353211e-01 5.205622500000008923e-01 2.045641548696844669e+00 2.819041000000000352e+00
3.000000000000000000e+00 1.905999999999999917e+00 3.729999999999999982e-01 -2.000000000000000000e+00 0.000000000000000000e+00 1.147499999999999964e+00 6.250000000000000000e-02 -2.000000000000000000e+00 0.000000000000000000e+00 7.077499999999999680e+00 2.619499999999999496e+00 -2.000000000000000000e+00 0.000000000000000000e+00 1.009591783264745940e-01 1.391290000000000027e-01 2.834576474622770015e-03 3.906250000000000000e-03 4.979261662894372442e+00 6.861780249999998027e+00
3.000000000000000000e+00 3.602999999999999758e+00 2.929999999999999272e-01 -1.999999999999999778e+00 2.275837947676551305e-15 1.054999999999999938e+00 1.154000000000000137e+00 -2.000000000000000000e+00 2.167275183312610959e-16 1.099099999999999966e+01 1.264999999999999680e+00 -2.000000000000000000e+00 2.084117737927095255e-15 6.229646227709196432e-02 8.584900000000007803e-02 9.663618161865563660e-01 1.331716000000000122e+00 1.161205795610426250e+00 1.600225000000001119e+00
3.000000000000000000e+00 5.211999999999999744e+00 6.970000000000000639e-01 -2.000000000000000000e+00 0.000000000000000000e+00 -4.229999999999999871e-01 6.919999999999999485e-01 -2.000000000000000000e+00 0.000000000000000000e+00 1.202100000000000080e+01 4.639999999999995239e-01 -1.999999999999999778e+00 -5.695740020078957612e-15 3.525280672153635053e-01 4.858090000000001019e-01 3.474884170096020353e-01 4.788640000000000119e-01 1.562298820301772917e-01 2.152959999999988494e-01
3.000000000000000000e+00 5.906000000000000583e+00 7.520000000000002238e-01 -1.999999999999999778e+00 -1.827488901158347420e-15 -1.262499999999999956e+00 3.664999999999999925e-01 -1.999999999999999556e+00 -4.933286690601740086e-16 9.967000000000000526e+00 6.020000000000003126e-01 -2.000000000000000000e+00 0.000000000000000000e+00 4.103588696844989170e-01 5.655039999999997846e-01 9.747115260631003530e-02 1.343222500000000319e-01 2.629790342935530156e-01 3.624040000000004480e-01
3.000000000000000000e+00 7.804000000000000270e+00 1.480999999999999872e+00 -2.000000000000000000e+00 0.000000000000000000e+00 -2.139499999999999957e+00 2.754999999999999671e-01 -1.999999999999999778e+00 -1.161431182499784449e-15 1.133699999999999974e+01 3.449999999999997513e-01 -2.000000000000000000e+00 7.688548505588086478e-15 1.591615869684498641e+00 2.193360999999999894e+00 5.507713614540468705e-02 7.590025000000003019e-02 8.637067901234604661e-02 1.190250000000003666e-01
3.000000000000000000e+00 1.078750000000000142e+01 6.665000000000000924e-01 -2.000000000000000000e+00 -3.937305084145323023e-15 -9.548000000000000043e+00 1.537000000000000810e+00 -2.000000000000000000e+00 0.000000000000000000e+00 2.064699999999999847e+01 1.810999999999999943e+00 -2.000000000000000000e+00 0.000000000000000000e+00 3.223505764746237845e-01 4.442222500000012064e-01 1.714256791495200272e+00 2.362369000000002828e+00 2.379934717421124279e+00 3.279720999999999886e+00
3.000000000000000000e+00 8.452500000000000568e+00 1.325500000000000345e+00 -2.000000000000000000e+00 -9.534568193354766848e-16 -1.299350000000000094e+01 2.785499999999999865e+00 -2.000000000000000000e+00 9.862839597829792390e-16 -1.886500000000000066e+00 4.669500000000000206e+00 -2.000000000000000000e+00 0.000000000000000000e+00 1.274933720507544166e+00 1.756950249999999825e+00 5.630338027777780141e+00 7.759010250000004660e+00 1.582227407716049150e+01 2.180423025000000337e+01
3.000000000000000000e+00 1.929149999999999920e+01 4.945000000000003837e-01 -2.000000000000000000e+00 1.084558952346467678e-14 1.656000000000000139e+00 1.379000000000000004e+00 -2.000000000000000000e+00 0.000000000000000000e+00 1.457000000000000295e+00 2.975000000000000089e+00 -1.999999999999999778e+00 -2.023907021027974338e-16 1.774437616598096845e-01 2.445302500000018919e-01 1.379928791495198537e+00 1.901641000000000137e+00 6.422469993141287858e+00 8.850625000000002629e+00
3.000000000000000000e+00 1.245899999999999963e+01 1.456999999999999851e+00 -2.000000000000000000e+00 1.866529757479580360e-15 2.954500000000000348e+00 5.685000000000000053e-01 -1.999999999999999778e+00 -1.208506020770176454e-15 2.391999999999999904e+00 7.509999999999998899e-01 -2.000000000000000000e+00 0.000000000000000000e+00 1.540448725651574646e+00 2.122848999999997766e+00 2.345249660493829158e-01 3.231922500000001808e-01 4.092682153635114894e-01 5.640009999999998636e-01
3.000000000000000000e+00 8.468499999999998806e+00 1.804999999999994387e-01 -2.000000000000000000e+00 1.474920600149308141e-14 1.939500000000000224e+00 1.275000000000000577e-01 -1.999999999999999778e+00 -2.615469881081642981e-15 2.463999999999999968e+00 3.189999999999999503e-01 -2.000000000000000000e+00 0.000000000000000000e+00 2.364190980795622538e-02 3.258025000000007443e-02 1.179637345679015493e-02 1.625625000000004150e-02 7.384303017832642702e-02 1.017609999999999904e-01
3.000000000000000000e+00 9.689999999999999503e+00 1.029999999999997584e-01 -2.000000000000000000e+00 0.000000000000000000e+00 1.745000000000000107e+00 8.399999999999996358e-02 -2.000000000000000000e+00 -4.024343988682567089e-15 3.911999999999999922e+00 2.679999999999997939e-01 -2.000000000000000000e+00 0.000000000000000000e+00 7.698437585733844922e-03 1.060899999999995007e-02 5.120197530864175478e-03 7.055999999999978956e-03 5.211919890260621746e-02 7.182399999999990181e-02
3.000000000000000000e+00 7.784499999999999531e+00 4.235000000000002096e-01 -2.000000000000000000e+00 3.106053416060641858e-15 7.755000000000000782e-01 5.500000000000004885e-03 -2.000000000000000000e+00 -3.030799707962880621e-14 4.384000000000000341e+00 4.539999999999999591e-01 -2.000000000000000000e+00 -1.483039383388839408e-15 1.301472431412891984e-01 1.793522499999998798e-01 2.195096021947929888e-05 3.025000000000056927e-05 1.495684005486966339e-01 2.061159999999997716e-01
3.000000000000000000e+00 7.897000000000000242e+00 1.730000000000000426e-01 -2.000000000000000000e+00 0.000000000000000000e+00 -5.720000000000000639e-01 1.299999999999995604e-02 -1.999999999999999778e+00 1.281922871925615710e-14 6.058500000000000441e+00 2.114999999999995772e-01 -2.000000000000000000e+00 -6.325840476202482935e-15 2.171802606310014108e-02 2.992900000000001809e-02 1.226351165980774463e-04 1.689999999999976569e-04 3.246002777777780290e-02 4.473224999999998036e-02
3.000000000000000000e+00 8.724499999999999034e+00 6.650000000000044764e-02 -2.000000000000000000e+00 4.009355842241577226e-14 -2.540000000000000036e+00 5.659999999999999476e-01 -2.000000000000000000e+00 6.122953147403750937e-16 5.637000000000000455e+00 9.590000000000000746e-01 -2.000000000000000000e+00 -1.321732921196671572e-15 3.209012688614482512e-03 4.422249999999960067e-03 2.324668367626884502e-01 3.203559999999997521e-01 6.673679684499321807e-01 9.196810000000009699e-01
3.000000000000000000e+00 1.203449999999999953e+01 7.835000000000000853e-01 -2.000000000000000000e+00 0.000000000000000000e+00 -4.249000000000000554e+00 9.140000000000001457e-01 -2.000000000000000000e+00 1.454024226314006928e-15 8.365000000000000213e+00 9.339999999999997193e-01 -1.999999999999999778e+00 -1.430734007666456699e-15 4.454573665980796071e-01 6.138722500000002302e-01 6.062064252400543030e-01 8.353959999999995834e-01 6.330265075445803413e-01 8.723559999999989101e-01
3.000000000000000000e+00 1.094849999999999923e+01 7.945000000000002061e-01 -2.000000000000000000e+00 3.431312112703736495e-15 -1.300000000000000044e+00 9.499999999999997335e-02 -2.000000000000000000e+00 0.000000000000000000e+00 4.991500000000000270e+00 2.849999999999975123e-02 -2.000000000000000000e+00 -4.668919627400671500e-14 4.580532266803829522e-01 6.312302499999992156e-01 6.549005486968443972e-03 9.024999999999996567e-03 5.894104938271283421e-04 8.122499999999641508e-04
3.000000000000000000e+00 5.581999999999999851e+00 1.008000000000000007e+00 -2.000000000000000000e+00 0.000000000000000000e+00 1.681499999999999995e+00 4.804999999999999272e-01 -2.000000000000000000e+00 0.000000000000000000e+00 2.337499999999999911e+00 1.915000000000000036e-01 -2.000000000000000000e+00 0.000000000000000000e+00 7.373084444444443220e-01 1.016064000000000078e+00 1.675386176268860439e-01 2.308802499999999536e-01 2.661127606310013591e-02 3.667224999999999652e-02
3.000000000000000000e+00 6.733999999999999986e+00 9.519999999999999574e-01 -2.000000000000000000e+00 0.000000000000000000e+00 2.911000000000000032e+00 4.759999999999999787e-01 -2.000000000000000000e+00 0.000000000000000000e+00 1.194999999999999840e+00 2.530000000000000027e-01 -2.000000000000000000e+00 1.285434460070164691e-15 6.576609272976680076e-01 9.063039999999998875e-01 1.644152318244170019e-01 2.265759999999999719e-01 4.644823182441695092e-02 6.400899999999996870e-02
3.000000000000000000e+00 1.311149999999999949e+01 5.724999999999997868e-01 -2.000000000000000000e+00 0.000000000000000000e+00 5.364499999999999602e+00 3.184999999999997833e-01 -2.000000000000000000e+00 4.187902368241330497e-15 2.616999999999999993e+00 3.349999999999999645e-01 -2.000000000000000000e+00 0.000000000000000000e+00 2.378368398491080837e-01 3.277562499999998602e-01 7.361172873799688710e-02 1.014422499999996369e-01 8.143624828532231019e-02 1.122249999999999914e-01
3.000000000000000000e+00 9.593499999999998806e+00 1.215000000000001634e-01 -1.999999999999999778e+00 2.188215096465541671e-14 5.096000000000000085e+00 2.389999999999998792e-01 -2.000000000000000000e+00 0.000000000000000000e+00 8.610000000000000986e-01 1.282999999999999918e+00 -1.999999999999999778e+00 -3.154143958198473903e-16 1.071224999999984343e-02 1.476224999999985708e-02 4.144994375857333907e-02 5.712099999999994959e-02 1.194487079561042497e+00 1.646089000000000357e+00
3.000000000000000000e+00 5.384500000000000064e+00 1.087500000000000355e+00 -2.000000000000000000e+00 0.000000000000000000e+00 5.891000000000000014e+00 6.999999999999673150e-03 -2.000000000000000000e+00 0.000000000000000000e+00 -1.066500000000000004e+00 6.625000000000000888e-01 -2.000000000000000000e+00 -2.863609835340986342e-16 8.581963734567903401e-01 1.182656250000000853e+00 3.555692729766471021e-05 4.899999999999543122e-05 3.184930126886144630e-01 4.389062499999999423e-01
3.000000000000000000e+00 -2.939999999999999947e+00 1.675000000000000044e+00 -2.000000000000000000e+00 -1.889973795340783306e-16 8.135500000000000398e+00 7.244999999999999218e-01 -2.000000000000000000e+00 -3.649262240252729785e-15 -9.669999999999999707e-01 8.699999999999999956e-01 -2.000000000000000000e+00 0.000000000000000000e+00 2.035906207133058921e+00 2.805625000000000924e+00 3.808946944444453475e-01 5.249002500000010674e-01 5.492456790123454446e-01 7.569000000000001283e-01
3.000000000000000000e+00 -1.631000000000000005e+00 5.699999999999993960e-02 -2.000000000000000000e+00 0.000000000000000000e+00 5.074500000000000455e+00 3.465000000000002522e-01 -2.000000000000000000e+00 -3.836262939799255414e-15 4.584500000000000242e+00 4.475000000000002309e-01 -1.999999999999999778e+00 -3.019782995242725191e-15 2.357641975308636100e-03 3.248999999999993213e-03 8.712336111111095016e-02 1.200622499999999121e-01 1.453162637174208738e-01 2.002562499999999135e-01
3.000000000000000000e+00 1.930000000000000160e+00 1.633000000000000007e+00 -2.000000000000000000e+00 -3.059376466401337021e-16 2.347999999999999865e+00 1.970000000000000639e-01 -2.000000000000000000e+00 0.000000000000000000e+00 7.834500000000000242e+00 1.403499999999999748e+00 -2.000000000000000000e+00 -9.637940050843697554e-16 1.935087079561041978e+00 2.666689000000000309e+00 2.816181207133060249e-02 3.880900000000003097e-02 1.429397366598077479e+00 1.969812249999998377e+00
3.000000000000000000e+00 4.047499999999999432e+00 9.415000000000000036e-01 -2.000000000000000000e+00 1.396813924696882362e-15 1.072500000000000009e+00 8.874999999999999556e-01 -2.000000000000000000e+00 0.000000000000000000e+00 8.880500000000001393e+00 1.730500000000000149e+00 -2.000000000000000000e+00 -1.542509741184258640e-15 6.432337040466397093e-01 8.864222500000008553e-01 5.715640003429354188e-01 7.876562500000000577e-01 2.173058164951986448e+00 2.994630249999997496e+00
3.000000000000000000e+00 7.644500000000000739e+00 5.474999999999998757e-01 -1.999999999999999778e+00 -2.367695799222287439e-15 -3.485000000000000320e-01 1.165000000000000063e-01 -2.000000000000000000e+00 4.114184346523790482e-16 1.089199999999999946e+01 6.020000000000003126e-01 -2.000000000000000000e+00 0.000000000000000000e+00 2.175185956790118003e-01 2.997562499999994468e-01 9.848724622770916107e-03 1.357225000000000098e-02 2.629790342935530156e-01 3.624040000000004480e-01
3.000000000000000000e+00 5.916999999999999815e+00 1.500000000000012434e-02 -2.000000000000000000e+00 8.884434468978217530e-14 -7.535000000000000586e-01 2.074999999999999623e-01 -2.000000000000000000e+00 7.766689516376952056e-16 8.876999999999998892e+00 2.039999999999997371e-01 -1.999999999999999778e+00 1.317951619763803441e-14 1.632716049382856242e-04 2.250000000000150914e-04 3.124383573388199789e-02 4.305624999999996261e-02 3.019871604938293916e-02 4.161600000000020144e-02
3.000000000000000000e+00 1.093400000000000105e+01 1.379999999999999893e+00 -2.000000000000000000e+00 -1.943259512401380983e-15 -5.398500000000000298e+00 1.245500000000000274e+00 -2.000000000000000000e+00 1.091773717277616670e-15 1.946649999999999991e+01 9.624999999999985789e-01 -2.000000000000000000e+00 0.000000000000000000e+00 1.381930864197527864e+00 1.904399999999997872e+00 1.125681704046638476e+00 1.551270249999999962e+00 6.722481567215342624e-01 9.264062499999973221e-01
