2.000000000000000000e+00 4.326999999999999957e+00 9.999999999999786837e-03 -2.000000000000000000e+00 0.000000000000000000e+00 -4.775000000000000355e-01 1.965000000000000080e-01 -2.000000000000000000e+00 0.000000000000000000e+00 8.826999999999999957e+00 1.630000000000002558e-01 -2.000000000000000000e+00 0.000000000000000000e+00 7.256515775033983012e-05 9.999999999999573575e-05 2.801904012345678846e-02 3.861225000000000074e-02 1.927983676268867422e-02 2.656900000000008213e-02
2.000000000000000000e+00 4.540499999999999758e+00 5.249999999999976907e-02 -1.999999999999999778e+00 2.538117168716774352e-14 -9.375000000000000000e-01 9.450000000000002842e-02 -2.000000000000000000e+00 0.000000000000000000e+00 9.364999999999998437e+00 2.259999999999999787e-01 -2.000000000000000000e+00 1.179708191785167226e-14 2.000077160493769161e-03 2.756249999999936268e-03 6.480250000000001634e-03 8.930250000000005892e-03 3.706337997256549388e-02 5.107600000000032947e-02
2.000000000000000000e+00 4.953000000000000291e+00 5.299999999999993605e-02 -2.000000000000000000e+00 0.000000000000000000e+00 -8.380000000000000782e-01 3.290000000000000147e-01 -2.000000000000000000e+00 4.871274038906052497e-16 8.312999999999998835e+00 4.729999999999998650e-01 -2.000000000000000000e+00 5.573471063060548415e-15 2.038355281207127404e-03 2.808999999999993360e-03 7.854525240054865964e-02 1.082409999999999900e-01 1.623493017832653429e-01 2.237290000000006218e-01
2.000000000000000000e+00 4.152000000000000135e+00 2.569999999999998952e-01 -1.999999999999999778e+00 -2.657077573252980968e-15 -1.637499999999999956e+00 4.475000000000000089e-01 -2.000000000000000000e+00 0.000000000000000000e+00 6.028499999999999304e+00 1.744499999999999940e+00 -2.000000000000000000e+00 7.528350131406607945e-16 4.792856104252386090e-02 6.604899999999984395e-02 1.453162637174210681e-01 2.002562500000000523e-01 2.208361114197528785e+00 3.043280249999998688e+00
2.000000000000000000e+00 5.687000000000000277e+00 3.857000000000000206e+00 -2.000000000000000000e+00 0.000000000000000000e+00 -1.040549999999999997e+01 3.568500000000000227e+00 -2.000000000000000000e+00 0.000000000000000000e+00 -6.690500000000000114e+00 4.165000000000000924e-01 -2.000000000000000000e+00 0.000000000000000000e+00 1.079511868449931278e+01 1.487644899999999915e+01 9.240586694444445470e+00 1.273419225000000310e+01 1.258804118655693083e-01 1.734722500000000778e-01
2.000000000000000000e+00 1.497550000000000026e+01 3.774499999999999744e+00 -2.000000000000000000e+00 0.000000000000000000e+00 -3.629500000000000171e+00 5.963499999999999801e+00 -2.000000000000000000e+00 0.000000000000000000e+00 4.988999999999999879e+00 1.174999999999999822e+00 -2.000000000000000000e+00 0.000000000000000000e+00 1.033824935836762293e+01 1.424685024999999783e+01 2.580658814849107330e+01 3.556333225000000198e+01 1.001852709190671709e+00 1.380624999999999769e+00
2.000000000000000000e+00 1.744249999999999901e+01 6.958499999999999908e+00 -2.000000000000000000e+00 4.217676877519121500e-16 -1.358600000000000030e+01 8.773999999999999133e+00 -2.000000000000000000e+00 3.366257173524397133e-16 -1.849499999999999922e+00 3.386499999999999844e+00 -2.000000000000000000e+00 0.000000000000000000e+00 3.513657348456790430e+01 4.842072225000001140e+01 5.586289054046635982e+01 7.698307600000001116e+01 8.322049671124826631e+00 1.146838224999999944e+01
2.000000000000000000e+00 5.972999999999999865e+00 3.909999999999999698e+00 -2.000000000000000000e+00 -1.782999373850876373e-16 -1.292600000000000016e+01 2.329000000000000625e+00 -2.000000000000000000e+00 0.000000000000000000e+00 -6.092500000000000249e+00 1.384500000000000064e+00 -2.000000000000000000e+00 0.000000000000000000e+00 1.109383388203017518e+01 1.528810000000000180e+01 3.936109038408780236e+00 5.424241000000003865e+00 1.390958151234567453e+00 1.916840250000000356e+00
2.000000000000000000e+00 -1.313149999999999906e+01 2.313500000000000334e+00 -2.000000000000000000e+00 -1.147655884813812997e-15 2.027000000000000135e+00 7.870000000000000329e-01 -2.000000000000000000e+00 -5.124701226916803815e-16 1.262000000000000011e+00 7.130000000000000782e-01 -2.000000000000000000e+00 1.531481110718797717e-16 3.883892057956101596e+00 5.352282249999997354e+00 4.494460919067216342e-01 6.193690000000002804e-01 3.688987668038407053e-01 5.083690000000000708e-01
2.000000000000000000e+00 9.509999999999999787e+00 1.733999999999999986e+00 -2.000000000000000000e+00 0.000000000000000000e+00 -1.322749999999999915e+01 3.499999999999836575e-03 -2.000000000000000000e+00 -7.612955561830214500e-13 -7.071500000000000341e+00 2.555000000000000604e-01 -2.000000000000000000e+00 5.304295598723650500e-15 2.181857234567900594e+00 3.006756000000000206e+00 8.889231824410880208e-06 1.224999999999356215e-05 4.737071639231806019e-02 6.528024999999984535e-02
2.000000000000000000e+00 2.209900000000000020e+01 3.623999999999998778e+00 -2.000000000000000000e+00 0.000000000000000000e+00 -1.546799999999999997e+01 1.812000000000000277e+00 -2.000000000000000000e+00 -1.418238406467755624e-15 -5.849999999999999645e+00 4.049999999999998046e-01 -2.000000000000000000e+00 -3.238074759322286548e-15 9.530255012345669741e+00 1.313337599999999306e+01 2.382563753086417435e+00 3.283343999999998264e+00 1.190250000000001585e-01 1.640250000000001707e-01
2.000000000000000000e+00 4.074999999999997513e-01 4.671499999999999986e+00 -2.000000000000000000e+00 0.000000000000000000e+00 -1.158050000000000068e+01 3.034500000000000419e+00 -2.000000000000000000e+00 8.900139681819094273e-16 -2.745000000000000107e+00 7.870000000000000329e-01 -2.000000000000000000e+00 5.124701226916803815e-16 1.583583069993141024e+01 2.182291225000000168e+01 6.681937780864203091e+00 9.208190250000006571e+00 4.494460919067216342e-01 6.193690000000002804e-01
2.000000000000000000e+00 -5.286999999999999922e+00 5.950000000000000178e+00 -2.000000000000000000e+00 0.000000000000000000e+00 -1.079000000000000092e+01 4.583999999999999631e+00 -1.999999999999999778e+00 3.688301211590779606e-16 -2.432500000000000107e+00 3.214999999999998970e-01 -2.000000000000000000e+00 0.000000000000000000e+00 2.568987997256515854e+01 3.540250000000000341e+01 1.524815723456789129e+01 2.101305600000000240e+01 7.500497976680377266e-02 1.033622499999999472e-01
2.000000000000000000e+00 2.075049999999999883e+01 6.304499999999999993e+00 -1.999999999999999778e+00 4.536889891757152630e-16 -2.330850000000000222e+01 1.974999999999997868e-01 -2.000000000000000000e+00 2.696525167357205586e-14 -1.294099999999999895e+01 1.751000000000000334e+00 -2.000000000000000000e+00 -1.488964310045665041e-15 2.884227025000000566e+01 3.974672025000000986e+01 2.830494684499366628e-02 3.900625000000051967e-02 2.224848462277094541e+00 3.066001000000004417e+00
2.000000000000000000e+00 1.342650000000000077e+01 3.775000000000003908e-01 -1.999999999999999778e+00 -7.094177797405008957e-15 -1.281449999999999889e+01 2.230500000000000149e+00 -2.000000000000000444e+00 -1.200562553175421979e-15 -5.810500000000000220e+00 5.914999999999999147e-01 -2.000000000000000000e+00 0.000000000000000000e+00 1.034098851165988348e-01 1.425062500000008892e-01 3.610211114197533711e+00 4.975130250000004750e+00 2.538853501371741150e-01 3.498722499999998847e-01
2.000000000000000000e+00 -1.139649999999999963e+01 7.638499999999999623e+00 -1.999999999999999778e+00 -1.913141977504029946e-16 -4.413000000000000256e+00 5.323000000000000398e+00 -2.000000000000000000e+00 0.000000000000000000e+00 -1.302499999999999991e+00 1.422499999999999876e+00 -1.999999999999999778e+00 -1.542813377585059914e-16 4.233936201680384670e+01 5.834668225000001485e+01 2.056085053635116822e+01 2.833432900000000387e+01 1.468360502400548162e+00 2.023506249999999618e+00
2.000000000000000000e+00 4.584000000000000519e+00 4.145999999999999908e+00 -2.000000000000000000e+00 -2.991049257889010085e-16 -9.949500000000000455e+00 1.898500000000000298e+00 -2.000000000000000000e+00 0.000000000000000000e+00 -3.197500000000000231e+00 3.231500000000000039e+00 -2.000000000000000000e+00 0.000000000000000000e+00 1.247345427160493436e+01 1.718931600000000159e+01 2.615467613511659462e+00 3.604302250000001706e+00 7.577683539437583882e+00 1.044259225000000058e+01
2.000000000000000000e+00 1.704550000000000054e+01 3.540499999999998870e+00 -1.999999999999999778e+00 -7.204584201238916551e-16 -1.507349999999999923e+01 8.320499999999999119e+00 -2.000000000000000000e+00 0.000000000000000000e+00 -4.934000000000000163e+00 5.261999999999999567e+00 -1.999999999999999778e+00 1.950732249890787569e-16 9.096144296639229410e+00 1.253514024999999954e+01 5.023738136111109043e+01 6.923072024999997609e+01 2.009230819753086905e+01 2.768864400000000359e+01
2.000000000000000000e+00 1.447649999999999970e+01 6.949999999999967315e-02 -2.000000000000000000e+00 0.000000000000000000e+00 -1.441350000000000087e+01 5.933500000000000441e+00 -2.000000000000000000e+00 0.000000000000000000e+00 -4.828000000000000291e+00 2.055000000000000160e+00 -2.000000000000000000e+00 3.070336622868713911e-16 3.505078532235905969e-03 4.830249999999955239e-03 2.554759584396433425e+01 3.520642225000000280e+01 3.064444753086418061e+00 4.223024999999998919e+00
2.000000000000000000e+00 9.641500000000000625e+00 2.764500000000000401e+00 -2.000000000000000000e+00 -4.203881194533623430e-16 -1.044599999999999973e+01 7.349999999999994316e-01 -2.000000000000000000e+00 0.000000000000000000e+00 -5.039500000000000313e+00 2.129499999999999726e+00 -2.000000000000000000e+00 6.438212746856633293e-16 5.545763336419755163e+00 7.642460250000005395e+00 3.920151234567894605e-01 5.402249999999991781e-01 3.290663185528120760e+00 4.534770250000001113e+00
2.000000000000000000e+00 -1.343750000000000000e+01 2.651499999999999524e+00 -2.000000000000000000e+00 1.048209287198659135e-15 2.969999999999999307e-01 4.009000000000000341e+00 -2.000000000000000000e+00 0.000000000000000000e+00 4.491999999999999993e+00 1.790000000000000036e+00 -2.000000000000000000e+00 0.000000000000000000e+00 5.101658765775027859e+00 7.030452249999992631e+00 1.166273093141289330e+01 1.607208100000000783e+01 2.325060219478737089e+00 3.204100000000000836e+00
2.000000000000000000e+00 3.137999999999999901e+00 1.089999999999999858e+00 -2.000000000000000000e+00 0.000000000000000000e+00 -9.114499999999999602e+00 3.585000000000002629e-01 -2.000000000000000000e+00 -7.454662155845815020e-15 -4.531499999999999417e+00 3.374999999999999112e-01 -2.000000000000000000e+00 -3.880675918011016330e-15 8.621466392318238858e-01 1.188099999999999934e+00 9.326237345679078139e-02 1.285222500000007539e-01 8.265625000000019484e-02 1.139062500000001948e-01
2.000000000000000000e+00 1.921249999999999858e+01 1.200499999999999901e+00 -1.999999999999999778e+00 4.491814126544312723e-15 -2.390200000000000102e+01 7.901999999999999247e+00 -2.000000000000000000e+00 6.912264769409580762e-16 -1.111850000000000094e+01 1.012500000000000178e+00 -2.000000000000000000e+00 2.674023027053237166e-15 1.045809234910832775e+00 1.441200249999996075e+00 4.531084844444444570e+01 6.244160400000001943e+01 7.439062500000017675e-01 1.025156250000001990e+00
2.000000000000000000e+00 1.373750000000000071e+01 2.764499999999999069e+00 -2.000000000000000000e+00 -9.248538627973983181e-16 -2.290000000000000036e+00 4.403999999999999915e+00 -2.000000000000000000e+00 0.000000000000000000e+00 -5.976499999999999702e+00 1.393499999999999961e+00 -2.000000000000000000e+00 -1.066750017440825202e-15 5.545763336419743617e+00 7.642460249999992072e+00 1.407416908641974551e+01 1.939521600000000490e+01 1.409100891975309411e+00 1.941842250000000991e+00
2.000000000000000000e+00 1.293400000000000105e+01 3.509999999999999787e-01 -2.000000000000000000e+00 -7.541656638781579261e-15 -2.722350000000000136e+01 2.699499999999998678e+00 -2.000000000000000000e+00 1.896267107072971522e-15 -6.223499999999999588e+00 2.431499999999999773e+00 -2.000000000000000000e+00 0.000000000000000000e+00 8.940099999999942537e-02 1.232009999999994637e-01 5.288040922153619761e+00 7.287300249999985269e+00 4.290191632716046755e+00 5.912192249999999483e+00
2.000000000000000000e+00 -5.642000000000000348e+00 7.376999999999999780e+00 -2.000000000000000000e+00 2.123890388050512612e-16 -2.566000000000000281e+00 7.445999999999999730e+00 -2.000000000000000000e+00 0.000000000000000000e+00 -4.788999999999999702e+00 1.064999999999999947e+00 -1.999999999999999778e+00 -1.286735971688570588e-15 3.949005245679011011e+01 5.442012900000000997e+01 4.023223945679011138e+01 5.544291599999998255e+01 8.230521604938260127e-01 1.134224999999999373e+00
2.000000000000000000e+00 -4.106499999999999595e+00 1.738499999999999934e+00 -2.000000000000000000e+00 -4.225870074431987866e-16 2.336500000000000021e+00 2.612499999999999822e+00 -2.000000000000000000e+00 0.000000000000000000e+00 6.010000000000000897e-01 2.003000000000000114e+00 -2.000000000000000000e+00 0.000000000000000000e+00 2.193196447530864290e+00 3.022382250000000603e+00 4.952685399519888954e+00 6.825156249999999147e+00 2.911320659807955735e+00 4.012008999999999936e+00
2.000000000000000000e+00 5.740999999999999659e+00 2.612999999999999545e+00 -2.000000000000000000e+00 0.000000000000000000e+00 -1.809049999999999869e+01 4.461500000000000021e+00 -2.000000000000000000e+00 -5.600741801759800611e-16 -4.725500000000000256e+00 2.395000000000000462e-01 -2.000000000000000000e+00 5.619189955245069611e-15 4.954581345679009097e+00 6.827768999999999089e+00 1.444408176989026238e+01 1.990498225000001042e+01 4.162355589849127402e-02 5.736025000000020968e-02
2.000000000000000000e+00 1.764900000000000091e+01 4.640000000000004121e-01 -1.999999999999999778e+00 -1.146094028430515353e-14 -2.331000000000000227e+01 9.350000000000004974e-01 -2.000000000000000000e+00 5.704593300958114235e-15 -2.062500000000000000e+00 4.150000000000009237e-02 -2.000000000000000000e+00 0.000000000000000000e+00 1.562298820301799562e-01 2.152960000000017915e-01 6.343827503429388948e-01 8.742250000000039156e-01 1.249753429355286499e-03 1.722250000000007629e-03
2.000000000000000000e+00 1.280999999999999872e+01 1.418999999999999595e+00 -2.000000000000000000e+00 1.942822157058143515e-15 -1.993500000000000050e+00 1.667499999999999982e+00 -2.000000000000000000e+00 0.000000000000000000e+00 -4.056000000000000050e+00 2.690999999999999837e+00 -2.000000000000000000e+00 0.000000000000000000e+00 1.461143716049383645e+00 2.013561000000001044e+00 2.017715029149519168e+00 2.780556250000000063e+00 5.254792111111108888e+00 7.241481000000000279e+00
2.000000000000000000e+00 1.888850000000000051e+01 1.265499999999999403e+00 -2.000000000000000000e+00 0.000000000000000000e+00 -2.509450000000000003e+01 2.981500000000000483e+00 -2.000000000000000000e+00 0.000000000000000000e+00 4.625000000000000222e-01 7.145000000000000240e-01 -2.000000000000000000e+00 0.000000000000000000e+00 1.162123926268860297e+00 1.601490249999998561e+00 6.450565226680384789e+00 8.889342250000003887e+00 3.704525682441699996e-01 5.105102500000001653e-01
2.000000000000000000e+00 6.512999999999999901e+00 3.294000000000000483e+00 -2.000000000000000000e+00 2.982020868367180228e-16 -2.160450000000000159e+01 2.596500000000000696e+00 -2.000000000000000000e+00 2.131005283125485003e-15 -6.502000000000000668e+00 3.067000000000000171e+00 -2.000000000000000000e+00 3.078639866007979735e-16 7.873635999999998525e+00 1.085043600000000019e+01 4.892206694444453774e+00 6.741812250000011275e+00 6.825833581618656609e+00 9.406489000000004097e+00
2.000000000000000000e+00 -1.366550000000000153e+01 7.175500000000000433e+00 -2.000000000000000000e+00 4.615778279655943788e-16 -1.086500000000000021e+00 3.754500000000000171e+00 -2.000000000000000000e+00 0.000000000000000000e+00 -1.337000000000000188e+00 5.370000000000000329e-01 -2.000000000000000000e+00 6.273290885178984316e-16 3.736220347359397920e+01 5.148780025000001359e+01 1.022898074382715805e+01 1.409627025000000344e+01 2.092554197530864801e-01 2.883690000000000975e-01
2.000000000000000000e+00 8.033500000000000085e+00 5.047499999999999432e+00 -2.000000000000000000e+00 0.000000000000000000e+00 -1.806099999999999994e+01 8.312000000000001165e+00 -2.000000000000000444e+00 -3.959347120035888597e-16 -5.762000000000000455e+00 3.398000000000000131e+00 -2.000000000000000000e+00 4.527516991453264020e-16 1.848761118827159677e+01 2.547725624999999638e+01 5.013479146227709293e+01 6.908934400000002540e+01 8.378666277091904036e+00 1.154640399999999723e+01
2.000000000000000000e+00 2.771350000000000335e+01 5.200499999999999901e+00 -2.000000000000000000e+00 -1.010380363733623243e-15 -8.244999999999999218e+00 1.104999999999999982e+00 -2.000000000000000444e+00 -1.234282736779904604e-15 -5.317500000000000782e+00 2.761500000000000288e+00 -2.000000000000000000e+00 5.061116335437663736e-16 1.962539222530864791e+01 2.704520025000002192e+01 8.860387174211238337e-01 1.221024999999998917e+00 5.533733484567903815e+00 7.625882250000003637e+00
2.000000000000000000e+00 1.549450000000000038e+01 4.157500000000000639e+00 -2.000000000000000000e+00 0.000000000000000000e+00 -1.833549999999999969e+01 4.517500000000000959e+00 -1.999999999999999778e+00 -6.165747096525467254e-16 -4.112499999999999822e+00 1.006499999999999950e+00 -2.000000000000000000e+00 0.000000000000000000e+00 1.254274692215363807e+01 1.728480625000000614e+01 1.480895679869684223e+01 2.040780625000000370e+01 7.351157067901232800e-01 1.013042250000000033e+00
2.000000000000000000e+00 -1.241600000000000037e+01 6.547999999999999154e+00 -2.000000000000000000e+00 4.049339353825969832e-16 -5.189499999999999780e+00 2.370499999999999829e+00 -2.000000000000000000e+00 0.000000000000000000e+00 -5.920000000000000817e-01 5.720000000000000639e+00 -2.000000000000000000e+00 0.000000000000000000e+00 3.111325763511656817e+01 4.287630399999999042e+01 4.077632321330587395e+00 5.619270249999999578e+00 2.374215857338820612e+01 3.271840000000000970e+01
2.000000000000000000e+00 4.860000000000002096e-01 5.224999999999999645e+00 -2.000000000000000000e+00 0.000000000000000000e+00 -1.422100000000000009e+01 6.759000000000000341e+00 -2.000000000000000000e+00 0.000000000000000000e+00 -4.307500000000000107e+00 3.531500000000000306e+00 -2.000000000000000000e+00 0.000000000000000000e+00 1.981074159807955581e+01 2.730062499999999659e+01 3.315072544444443992e+01 4.568408100000000616e+01 9.049958025034293030e+00 1.247149225000000250e+01
2.000000000000000000e+00 1.803950000000000031e+01 1.967500000000001137e+00 -2.000000000000000000e+00 0.000000000000000000e+00 -2.301500000000000057e+01 6.840000000000010516e-01 -2.000000000000000000e+00 0.000000000000000000e+00 -1.041849999999999987e+01 3.734999999999999432e-01 -2.000000000000000000e+00 0.000000000000000000e+00 2.809038074417012254e+00 3.871056250000004972e+00 3.395004444444454372e-01 4.678560000000014374e-01 1.012300277777777313e-01 1.395022499999999666e-01
2.000000000000000000e+00 1.506299999999999883e+01 2.594000000000000306e+00 -1.999999999999999778e+00 1.119471347360093132e-15 -6.195000000000000506e-01 5.775000000000000133e-01 -2.000000000000000000e+00 0.000000000000000000e+00 -5.948500000000000121e+00 8.094999999999998863e-01 -2.000000000000000000e+00 0.000000000000000000e+00 4.882790458161862190e+00 6.728835999999997597e+00 2.420093364197530572e-01 3.335062500000000596e-01 4.755124036351163763e-01 6.552902499999998520e-01
2.000000000000000000e+00 1.862500000000000000e+01 2.097000000000001307e+00 -2.000000000000000000e+00 0.000000000000000000e+00 -2.645149999999999935e+01 2.184499999999999886e+00 -2.000000000000000000e+00 0.000000000000000000e+00 -7.316499999999999559e+00 7.085000000000003517e-01 -2.000000000000000000e+00 -1.794975440361981708e-15 3.190986777777780947e+00 4.397409000000006785e+00 3.462838535322358524e+00 4.772040249999998984e+00 3.642569550754456431e-01 5.019722499999998977e-01
2.000000000000000000e+00 -6.636000000000000121e+00 4.011000000000000121e+00 -2.000000000000000000e+00 0.000000000000000000e+00 -1.099200000000000088e+01 3.040000000000000036e+00 -2.000000000000000000e+00 8.219640322094508068e-16 -1.969999999999999973e+00 6.759999999999999343e-01 -2.000000000000000000e+00 0.000000000000000000e+00 1.167437038271604699e+01 1.608812100000000100e+01 6.706181618655694621e+00 9.241600000000007142e+00 3.316053552812070482e-01 4.569759999999999378e-01
2.000000000000000000e+00 -6.762000000000000455e+00 6.022000000000000242e+00 -2.000000000000000000e+00 0.000000000000000000e+00 -4.621499999999999275e+00 4.142500000000000071e+00 -2.000000000000000000e+00 -2.998637081579577984e-16 3.114999999999999991e-01 1.862499999999999822e+00 -2.000000000000000000e+00 0.000000000000000000e+00 2.631538002194787040e+01 3.626448400000000305e+01 1.245240330075445634e+01 1.716030625000000143e+01 2.517217292524004613e+00 3.468906249999999414e+00
2.000000000000000000e+00 1.213349999999999973e+01 3.219500000000000028e+00 -2.000000000000000000e+00 0.000000000000000000e+00 -2.055450000000000088e+01 6.147500000000000853e+00 -2.000000000000000000e+00 0.000000000000000000e+00 -9.599499999999999034e+00 1.416500000000000092e+00 -2.000000000000000000e+00 -1.953127062215537530e-15 7.521509399519888284e+00 1.036518025000000165e+01 2.742364753943758870e+01 3.779175625000001304e+01 1.455999753429357169e+00 2.006472250000002955e+00
2.000000000000000000e+00 1.221199999999999974e+01 4.600000000000000533e+00 -1.999999999999999778e+00 6.569906942797011906e-16 -4.233000000000000540e+00 3.987000000000000099e+00 -2.000000000000000000e+00 1.681677663726943835e-16 -2.400999999999999801e+00 1.120999999999999774e+00 -2.000000000000000000e+00 -3.152487573564662868e-16 1.535478737997255827e+01 2.116000000000000014e+01 1.153508011111111387e+01 1.589616900000000399e+01 9.118835240054865565e-01 1.256640999999999453e+00
2.000000000000000000e+00 1.632999999999999829e+01 6.900000000000083844e-02 -2.000000000000000000e+00 7.722872382844877175e-14 -1.688299999999999912e+01 1.306000000000000050e+00 -2.000000000000000000e+00 -2.093292846862604354e-15 -3.943500000000000227e+00 4.025000000000000799e-01 -2.000000000000000000e+00 1.596187303886542654e-15 3.454827160493700953e-03 4.760999999999907667e-03 1.237697454046640999e+00 1.705636000000002372e+00 1.175600908779148024e-01 1.620062499999999073e-01
2.000000000000000000e+00 1.281550000000000011e+01 2.950000000000052580e-02 -2.000000000000000000e+00 0.000000000000000000e+00 -1.486449999999999960e+01 2.386500000000000732e+00 -2.000000000000000000e+00 -1.176219583157218841e-15 -5.671499999999999986e+00 1.761499999999999844e+00 -2.000000000000000000e+00 0.000000000000000000e+00 6.314982853223818004e-04 8.702500000000310465e-04 4.132863114197536270e+00 5.695382250000007751e+00 2.251611399519889201e+00 3.102882249999999953e+00
2.000000000000000000e+00 1.767500000000000071e+00 3.071500000000000341e+00 -2.000000000000000000e+00 0.000000000000000000e+00 -2.505500000000000060e+00 1.423499999999999766e+00 -1.999999999999999778e+00 1.539564210431293573e-16 -2.294999999999999818e-01 1.210499999999999909e+00 -2.000000000000000000e+00 0.000000000000000000e+00 6.845878436556926516e+00 9.434112250000003641e+00 1.470425706790123410e+00 2.026352249999999966e+00 1.063304694444444198e+00 1.465310249999999925e+00
2.000000000000000000e+00 -9.599499999999999034e+00 1.072500000000000675e+00 -1.999999999999999778e+00 -2.519859686338358876e-15 6.076999999999999957e+00 2.355999999999999872e+00 -2.000000000000000000e+00 0.000000000000000000e+00 5.310000000000000275e-01 7.499999999999998335e-02 -2.000000000000000000e+00 -1.027984282060330751e-15 8.346852623456814113e-01 1.150256250000003311e+00 4.027900334705074137e+00 5.550735999999999670e+00 4.081790123456783929e-03 5.624999999999994588e-03
2.000000000000000000e+00 5.975500000000000256e+00 1.750500000000000167e+00 -2.000000000000000000e+00 -7.451202825495676954e-16 4.539999999999999591e-01 1.262000000000000011e+00 -2.000000000000000000e+00 0.000000000000000000e+00 4.773500000000000298e+00 1.470499999999999918e+00 -2.000000000000000000e+00 -9.077964733664370168e-16 2.223578027777776356e+00 3.064250249999999287e+00 1.155704631001371219e+00 1.592644000000000393e+00 1.569127383058983138e+00 2.162370249999999050e+00
4.000000000000000000e+00 4.714499999999999247e+00 2.715000000000000746e-01 -1.999999999999999778e+00 4.940781062565698699e-15 -7.229999999999999760e-01 2.429999999999999938e-01 -2.000000000000000000e+00 0.000000000000000000e+00 8.766999999999999460e+00 2.599999999999997868e-01 -2.000000000000000000e+00 0.000000000000000000e+00 5.348941049382696655e-02 7.371224999999984040e-02 4.284899999999999126e-02 5.904899999999999732e-02 4.905404663923173397e-02 6.759999999999988241e-02
4.000000000000000000e+00 4.105500000000000149e+00 2.554999999999998384e-01 -2.000000000000000000e+00 -2.600144901335129716e-15 -1.064000000000000057e+00 1.059999999999999831e-01 -1.999999999999999778e+00 3.186109677535202993e-15 9.155000000000001137e+00 5.500000000000060396e-02 -2.000000000000000000e+00 -4.846733979179968995e-14 4.737071639231827530e-02 6.528025000000003963e-02 8.153421124828507879e-03 1.123599999999997691e-02 2.195096021947838191e-03 3.024999999999983865e-03
4.000000000000000000e+00 2.616999999999999993e+00 1.640000000000001457e-01 -2.000000000000000000e+00 0.000000000000000000e+00 -1.071000000000000174e+00 4.300000000000003819e-02 -2.000000000000000000e+00 7.755794906123095410e-15 8.737500000000000711e+00 1.604999999999998650e-01 -2.000000000000000000e+00 -1.657304239172957316e-14 1.951712482853226738e-02 2.689600000000005181e-02 1.341729766803850940e-03 1.849000000000011659e-03 1.869296604938243747e-02 2.576024999999971393e-02
4.000000000000000000e+00 3.252499999999999947e+00 1.674999999999999822e-01 -2.000000000000000000e+00 0.000000000000000000e+00 -2.025500000000000078e+00 5.649999999999988365e-02 -2.000000000000000000e+00 5.936111283505016978e-15 9.020500000000000185e+00 5.594999999999998863e-01 -2.000000000000000000e+00 0.000000000000000000e+00 2.035906207133057755e-02 2.805624999999999786e-02 2.316461248285323418e-03 3.192249999999997607e-03 2.271581512345677845e-01 3.130402499999999089e-01
4.000000000000000000e+00 2.725000000000000089e+00 3.420000000000000817e-01 -2.000000000000000000e+00 0.000000000000000000e+00 -1.779500000000000082e+00 4.735000000000000320e-01 -2.000000000000000000e+00 0.000000000000000000e+00 4.560000000000000497e+00 2.010000000000000675e-01 -2.000000000000000000e+00 -6.622222635403582100e-15 8.487511111111112339e-02 1.169640000000000679e-01 1.626927163923182207e-01 2.242022500000000196e-01 2.931704938271621763e-02 4.040100000000018676e-02
4.000000000000000000e+00 5.973499999999999588e+00 5.865000000000000213e-01 -2.000000000000000000e+00 0.000000000000000000e+00 -6.189500000000000668e+00 9.094999999999999751e-01 -1.999999999999999778e+00 1.549499422382574050e-15 2.616000000000000103e+00 9.409999999999999476e-01 -2.000000000000000000e+00 -2.664841328918240451e-16 2.496112623456789581e-01 3.439822500000001004e-01 6.002519098079551751e-01 8.271902499999993497e-01 6.425506844993140732e-01 8.854810000000000736e-01
4.000000000000000000e+00 8.306499999999999773e+00 3.115000000000001101e-01 -2.000000000000000000e+00 4.304447014334042546e-15 -1.085150000000000148e+01 2.550000000000007816e-02 -2.000000000000000000e+00 1.045166284510351168e-13 -2.658000000000000362e+00 6.029999999999999805e-01 -2.000000000000000000e+00 1.139307120069434841e-15 7.041160528120693485e-02 9.703224999999983391e-02 4.718549382715691220e-04 6.502499999999655257e-04 2.638534444444441407e-01 3.636089999999997935e-01
4.000000000000000000e+00 5.983500000000000263e+00 8.155000000000001137e-01 -2.000000000000000000e+00 0.000000000000000000e+00 -1.089949999999999974e+01 1.524999999999998579e-01 -2.000000000000000000e+00 0.000000000000000000e+00 -2.368999999999999773e+00 2.920000000000000373e-01 -2.000000000000000000e+00 -2.229624252894869210e-15 4.825875065157750332e-01 6.650402500000002215e-01 1.687593449931409570e-02 2.325624999999995404e-02 6.187195610425229308e-02 8.526399999999992319e-02
4.000000000000000000e+00 3.649499999999999744e+00 5.499999999999838352e-03 -2.000000000000000000e+00 1.211524397697608183e-13 -9.010500000000000398e+00 7.749999999999968026e-02 -2.000000000000000000e+00 3.435557218040108554e-14 -1.593500000000000139e+00 2.365000000000000435e-01 -1.999999999999999778e+00 1.442545451615669542e-15 2.195096021947952249e-05 3.025000000000030838e-05 4.358444787379818844e-03 6.006249999999833770e-03 4.058732544581615531e-02 5.593224999999998892e-02
4.000000000000000000e+00 3.964500000000000135e+00 1.849999999999996092e-02 -2.000000000000000000e+00 0.000000000000000000e+00 -9.178000000000000824e+00 2.280000000000006466e-01 -2.000000000000000000e+00 1.170888934771287545e-14 -1.236000000000000210e+00 9.000000000000007994e-03 -2.000000000000000000e+00 3.703590561554286128e-14 2.483542524005476204e-04 3.422499999999985883e-04 3.772227160493881598e-02 5.198400000000064775e-02 5.877777777777958972e-05 8.100000000000184689e-05
4.000000000000000000e+00 4.035999999999999588e+00 1.279999999999998916e-01 -2.000000000000000000e+00 5.273276405025563260e-15 -8.800000000000000711e+00 6.500000000000039080e-02 -2.000000000000000000e+00 4.095984538748076402e-14 -1.251500000000000057e+00 3.149999999999997247e-02 -2.000000000000000444e+00 1.062318413174120143e-14 1.188907544581611735e-02 1.638399999999992640e-02 3.065877914952123452e-03 4.225000000000149643e-03 7.200277777777703940e-04 9.922499999999922701e-04
4.000000000000000000e+00 3.910000000000000142e+00 3.120000000000002771e-01 -2.000000000000000000e+00 0.000000000000000000e+00 -8.949999999999999289e+00 2.809999999999996945e-01 -2.000000000000000000e+00 -9.538303271982018352e-15 -1.600500000000000034e+00 2.849999999999996980e-02 -2.000000000000000000e+00 0.000000000000000000e+00 7.063782716049393784e-02 9.734400000000018038e-02 5.729817421124856758e-02 7.896100000000026709e-02 5.894104938271590250e-04 8.122499999999983032e-04
4.000000000000000000e+00 4.063499999999999446e+00 3.165000000000000036e-01 -2.000000000000000000e+00 4.267796623197771792e-15 -8.883499999999999730e+00 5.655000000000001137e-01 -2.000000000000000000e+00 0.000000000000000000e+00 -1.843500000000000139e+00 2.685000000000000719e-01 -2.000000000000000000e+00 1.165039735818953329e-15 7.269015123456765148e-02 1.001722499999997823e-01 2.320562993827161025e-01 3.197902500000001647e-01 5.231385493827157146e-02 7.209225000000001049e-02
4.000000000000000000e+00 4.656499999999999417e+00 1.175000000000001599e-01 -2.000000000000000000e+00 1.129492568853064233e-14 -8.753499999999998948e+00 3.750000000000053291e-02 -1.999999999999999778e+00 -7.112366251504606165e-14 -2.039500000000000313e+00 4.499999999999948486e-03 -2.000000000000000000e+00 1.480710030394013899e-13 1.001852709190683387e-02 1.380625000000012745e-02 1.020447530864283152e-03 1.406250000000096659e-03 1.469444444444240207e-05 2.024999999999783592e-05
4.000000000000000000e+00 4.283500000000000085e+00 1.485000000000002984e-01 -2.000000000000000000e+00 0.000000000000000000e+00 -7.896000000000000796e+00 2.120000000000001883e-01 -2.000000000000000000e+00 6.281187649997951566e-15 -1.795500000000000096e+00 2.149999999999996358e-02 -2.000000000000000000e+00 1.551158981224631388e-14 1.600225000000006156e-02 2.205225000000008914e-02 3.261368449931433683e-02 4.494400000000024764e-02 3.354324417009549829e-04 4.622499999999943494e-04
4.000000000000000000e+00 4.865499999999999936e+00 1.565000000000003055e-01 -2.000000000000000000e+00 0.000000000000000000e+00 -8.736000000000000654e+00 3.910000000000000142e-01 -2.000000000000000000e+00 0.000000000000000000e+00 -2.044499999999999762e+00 1.384999999999999565e-01 -2.000000000000000000e+00 -2.448568191087469013e-15 1.777283984910843495e-02 2.449225000000009728e-02 1.109383388203017684e-01 1.528810000000000169e-01 1.391962997256512326e-02 1.918224999999995975e-02
4.000000000000000000e+00 4.659499999999999531e+00 1.904999999999996696e-01 -1.999999999999999778e+00 7.025922373327985599e-15 -9.212500000000000355e+00 2.385000000000001563e-01 -2.000000000000000000e+00 0.000000000000000000e+00 -2.336000000000000298e+00 1.559999999999999165e-01 -2.000000000000000000e+00 4.226668561291884344e-15 2.633407716049358110e-02 3.629024999999973244e-02 4.127669444444448388e-02 5.688225000000008552e-02 1.765945679012337691e-02 2.433599999999991673e-02
4.000000000000000000e+00 4.099499999999999922e+00 3.950000000000031264e-02 -2.000000000000000000e+00 0.000000000000000000e+00 -8.631999999999999673e+00 1.370000000000004547e-01 -2.000000000000000000e+00 0.000000000000000000e+00 -2.205000000000000071e+00 6.099999999999994316e-02 -2.000000000000000000e+00 0.000000000000000000e+00 1.132197873799743217e-03 1.560250000000025158e-03 1.361975445816195236e-02 1.876900000000012933e-02 2.700149519890254757e-03 3.720999999999992976e-03
4.000000000000000000e+00 4.437999999999999723e+00 5.600000000000004974e-02 -2.000000000000000000e+00 0.000000000000000000e+00 -8.452500000000000568e+00 3.054999999999994387e-01 -2.000000000000000000e+00 8.700268378126694339e-15 -2.383499999999999730e+00 2.405000000000001581e-01 -2.000000000000000000e+00 -2.805869910438266656e-15 2.275643347050757860e-03 3.136000000000005970e-03 6.772524314128963718e-02 9.333025000000012839e-02 4.197186865569269010e-02 5.784024999999997502e-02
4.000000000000000000e+00 4.131499999999999950e+00 1.894999999999997797e-01 -2.000000000000000000e+00 0.000000000000000000e+00 -7.705000000000000071e+00 4.000000000000003553e-02 -2.000000000000000000e+00 0.000000000000000000e+00 -2.196499999999999897e+00 6.950000000000011724e-02 -2.000000000000000000e+00 0.000000000000000000e+00 2.605832956104245715e-02 3.591024999999992140e-02 1.161042524005488673e-03 1.600000000000003112e-03 3.505078532235951071e-03 4.830250000000015954e-03
4.000000000000000000e+00 4.894999999999999574e+00 6.399999999999961275e-02 -1.999999999999999778e+00 2.078291289039519583e-14 -9.061499999999998778e+00 1.465000000000005187e-01 -2.000000000000000000e+00 -1.820670358141220218e-14 -2.154499999999999638e+00 1.365000000000000657e-01 -1.999999999999999778e+00 -4.945045685766426634e-15 2.972268861454058393e-03 4.095999999999999815e-03 1.557411556927330333e-02 2.146225000000037339e-02 1.352052160493833789e-02 1.863225000000006890e-02
4.000000000000000000e+00 4.379500000000000171e+00 5.049999999999998934e-02 -1.999999999999999778e+00 -2.641313026910211622e-14 -8.399000000000000909e+00 3.220000000000000639e-01 -2.000000000000000000e+00 8.209557096812296462e-15 -2.937500000000000000e+00 4.285000000000001030e-01 -2.000000000000000000e+00 0.000000000000000000e+00 1.850592935528157625e-03 2.550250000000037296e-03 7.523845816186607027e-02 1.036840000000005257e-01 1.332385188614541027e-01 1.836122500000001156e-01
4.000000000000000000e+00 3.044999999999999929e+00 1.899999999999999467e-01 -2.000000000000000000e+00 0.000000000000000000e+00 -9.172499999999999432e+00 6.050000000000022027e-02 -2.000000000000000000e+00 -4.406427801185252482e-14 9.059999999999999165e-01 9.819999999999998730e-01 -2.000000000000000000e+00 1.758599824590286010e-16 2.619602194787377589e-02 3.609999999999998627e-02 2.656066186557037943e-03 3.660250000000119137e-03 6.997632318244167982e-01 9.643239999999998480e-01
4.000000000000000000e+00 3.864499999999999602e+00 3.364999999999997993e-01 -2.000000000000000000e+00 2.003215752346521011e-15 -9.114000000000000767e+00 2.660000000000000142e-01 -2.000000000000000000e+00 0.000000000000000000e+00 -2.801499999999999879e+00 5.004999999999999449e-01 -2.000000000000000000e+00 -1.328278806964594955e-15 8.216716083676242621e-02 1.132322499999997567e-01 5.134420301783264307e-02 7.075600000000001333e-02 1.817759015775035347e-01 2.505002500000000909e-01
4.000000000000000000e+00 4.269000000000000128e+00 1.059999999999998721e-01 -2.000000000000000000e+00 0.000000000000000000e+00 -8.725999999999999091e+00 1.439999999999992397e-01 -2.000000000000000000e+00 -1.851795280777177458e-14 -2.415500000000000203e+00 4.344999999999999973e-01 -2.000000000000000000e+00 7.613132953299205020e-16 8.153421124828509614e-03 1.123599999999997344e-02 1.504711111111117078e-02 2.073599999999999402e-02 1.369959427297668675e-01 1.887902500000000761e-01
4.000000000000000000e+00 4.243000000000000327e+00 1.080000000000000959e-01 -2.000000000000000000e+00 -1.239371482036467137e-14 -8.558999999999999275e+00 6.400000000000005684e-02 -2.000000000000000000e+00 0.000000000000000000e+00 -2.108000000000000096e+00 2.220000000000000862e-01 -2.000000000000000000e+00 1.426966711396499352e-15 8.463999999999931648e-03 1.166399999999994004e-02 2.972268861454051454e-03 4.096000000000007621e-03 3.576301234567898918e-02 4.928400000000000142e-02
4.000000000000000000e+00 2.224499999999999922e+00 1.924999999999998934e-01 -2.000000000000000000e+00 0.000000000000000000e+00 -1.001950000000000074e+01 8.065000000000006608e-01 -2.000000000000000000e+00 3.280415179198060812e-15 -1.948499999999999899e+00 2.152499999999999858e+00 -2.000000000000000000e+00 0.000000000000000000e+00 2.688992626886141726e-02 3.705624999999995728e-02 4.719944447873795079e-01 6.504422499999997775e-01 3.362129706790122352e+00 4.633256249999999632e+00
4.000000000000000000e+00 1.062500000000000000e+00 8.325000000000000178e-01 -2.000000000000000000e+00 0.000000000000000000e+00 -8.450500000000001677e+00 1.794999999999999929e-01 -2.000000000000000000e+00 1.484711580663753849e-14 2.338499999999999801e+00 1.824999999999998845e-01 -2.000000000000000000e+00 3.638746780724435424e-15 5.029173611111109610e-01 6.930562500000001513e-01 2.338067524005513903e-02 3.222025000000026951e-02 2.416873285322348672e-02 3.330624999999989844e-02
4.000000000000000000e+00 3.941499999999999559e+00 2.304999999999999272e-01 -1.999999999999999778e+00 2.833005791269354729e-15 -9.137999999999999901e+00 1.340000000000003411e-01 -2.000000000000000000e+00 0.000000000000000000e+00 2.652499999999999858e+00 3.814999999999999503e-01 -2.000000000000000000e+00 0.000000000000000000e+00 3.855404972565163596e-02 5.313025000000005243e-02 1.302979972565164110e-02 1.795600000000009341e-02 1.056129633058984219e-01 1.455422499999999841e-01
4.000000000000000000e+00 2.237500000000000266e+00 6.355000000000000648e-01 -1.999999999999999778e+00 -5.407214252293382126e-16 -9.906000000000000583e+00 8.600000000000029843e-02 -2.000000000000000000e+00 0.000000000000000000e+00 1.180499999999999883e+00 1.030499999999999972e+00 -2.000000000000000000e+00 0.000000000000000000e+00 2.930618275034295173e-01 4.038602500000001982e-01 5.366919067215400289e-03 7.396000000000050971e-03 7.705913611111108175e-01 1.061930249999999853e+00
4.000000000000000000e+00 3.154500000000000082e+00 9.450000000000002842e-02 -2.000000000000000000e+00 0.000000000000000000e+00 -9.095499999999999474e+00 1.654999999999997584e-01 -2.000000000000000000e+00 0.000000000000000000e+00 1.829999999999999960e-01 1.219999999999999973e-01 -2.000000000000000000e+00 0.000000000000000000e+00 6.480250000000001634e-03 8.930250000000005892e-03 1.987577812071324168e-02 2.739024999999992507e-02 1.080059807956103984e-02 1.488400000000000487e-02
4.000000000000000000e+00 2.786500000000000199e+00 2.964999999999999858e-01 -2.000000000000000000e+00 0.000000000000000000e+00 -9.399499999999999744e+00 4.450000000000020606e-02 -2.000000000000000000e+00 -5.990288171296866909e-14 9.185000000000000941e-01 1.315000000000000058e-01 -2.000000000000000000e+00 -1.144311483947466262e-15 6.379366289437583826e-02 8.791224999999999734e-02 1.436971536351111739e-03 1.980249999999951233e-03 1.254814849108366187e-02 1.729224999999998819e-02
4.000000000000000000e+00 3.358000000000000096e+00 7.200000000000006395e-02 -2.000000000000000000e+00 0.000000000000000000e+00 -9.460499999999999687e+00 7.150000000000034106e-02 -2.000000000000000000e+00 0.000000000000000000e+00 1.137000000000000011e+00 4.200000000000003730e-02 -2.000000000000000000e+00 0.000000000000000000e+00 3.761777777777783154e-03 5.184000000000009781e-03 3.709712277091941832e-03 5.112250000000049047e-03 1.280049382716051242e-03 1.764000000000003629e-03
4.000000000000000000e+00 2.966999999999999638e+00 6.000000000000005329e-03 -1.999999999999999778e+00 1.110260199960060966e-13 -9.121999999999999886e+00 8.000000000000007105e-02 -2.000000000000000000e+00 0.000000000000000000e+00 1.124500000000000055e+00 8.650000000000002132e-02 -2.000000000000000000e+00 0.000000000000000000e+00 2.612345679012122821e-05 3.599999999999779863e-05 4.644170096021954693e-03 6.400000000000012450e-03 5.429506515775035271e-03 7.482250000000004522e-03
4.000000000000000000e+00 2.845499999999999918e+00 1.714999999999999858e-01 -2.000000000000000000e+00 0.000000000000000000e+00 -9.222999999999998977e+00 1.629999999999993676e-01 -2.000000000000000000e+00 -1.632281489684244044e-14 5.484999999999999876e-01 1.105000000000000149e-01 -1.999999999999999778e+00 7.232125410819750999e-16 2.134304561042523266e-02 2.941225000000000089e-02 1.927983676268870891e-02 2.656900000000004050e-02 8.860387174211252145e-03 1.221025000000001103e-02
4.000000000000000000e+00 3.224499999999999922e+00 4.649999999999998579e-02 -2.000000000000000000e+00 0.000000000000000000e+00 -9.847999999999998977e+00 1.879999999999997229e-01 -2.000000000000000000e+00 -1.416303898397726794e-14 9.739999999999999769e-01 2.500000000000002220e-02 -2.000000000000000000e+00 0.000000000000000000e+00 1.569040123456788907e-03 2.162249999999998808e-03 2.564742935528084231e-02 3.534399999999961184e-02 4.535322359396441044e-04 6.250000000000010972e-04
4.000000000000000000e+00 3.076000000000000068e+00 1.730000000000000426e-01 -2.000000000000000000e+00 0.000000000000000000e+00 -9.033999999999998920e+00 2.239999999999993108e-01 -2.000000000000000000e+00 -1.188439084157830288e-14 1.213499999999999801e+00 5.949999999999999734e-02 -2.000000000000000000e+00 5.597429619771124621e-15 2.171802606310014108e-02 2.992900000000001809e-02 3.641029355281149432e-02 5.017599999999936000e-02 2.568987997256503512e-03 3.540249999999989152e-03
4.000000000000000000e+00 3.096499999999999808e+00 5.049999999999998934e-02 -2.000000000000000000e+00 0.000000000000000000e+00 -9.153999999999999915e+00 1.270000000000006679e-01 -2.000000000000000000e+00 0.000000000000000000e+00 4.569999999999999618e-01 1.599999999999998646e-02 -2.000000000000000000e+00 5.273276405025563260e-15 1.850592935528119678e-03 2.550249999999999132e-03 1.170403429355293401e-02 1.612900000000017098e-02 1.857668038408768335e-04 2.559999999999988500e-04
4.000000000000000000e+00 2.995499999999999829e+00 2.024999999999999023e-01 -2.000000000000000000e+00 3.238074759322286548e-15 -9.070499999999999119e+00 3.499999999999836575e-03 -2.000000000000000000e+00 -7.612955561830214500e-13 7.920000000000000373e-01 9.500000000000002887e-02 -2.000000000000000000e+00 -1.707156066896550234e-15 2.975625000000003961e-02 4.100625000000004267e-02 8.889231824421474896e-06 1.225000000000415345e-05 6.549005486968460452e-03 9.025000000000015649e-03
4.000000000000000000e+00 3.679999999999999716e+00 6.699999999999994849e-02 -2.000000000000000000e+00 9.913307070135436263e-15 -9.604500000000001592e+00 8.950000000000013500e-02 -2.000000000000000000e+00 2.986814611180070194e-14 7.544999999999999485e-01 3.865000000000000102e-01 -1.999999999999999778e+00 4.206392522515324847e-16 3.257449931412914178e-03 4.489000000000018149e-03 5.812650548696726878e-03 8.010249999999887252e-03 1.083994653635115962e-01 1.493822499999999942e-01
4.000000000000000000e+00 3.283500000000000085e+00 5.674999999999998934e-01 -2.000000000000000000e+00 0.000000000000000000e+00 -9.288999999999999702e+00 1.050000000000004263e-01 -2.000000000000000000e+00 0.000000000000000000e+00 1.852500000000000036e+00 6.604999999999999760e-01 -2.000000000000000000e+00 -5.779403585121243329e-16 2.337006258573387230e-01 3.220562499999998773e-01 8.000308641975371546e-03 1.102500000000009028e-02 3.165729386145403335e-01 4.362602499999997940e-01
4.000000000000000000e+00 4.355499999999999261e+00 1.754999999999999893e-01 -2.000000000000000000e+00 7.541656638781579261e-15 -8.237999999999999545e+00 3.619999999999997109e-01 -2.000000000000000000e+00 -3.656828089070019226e-15 -1.795999999999999819e+00 1.019999999999999796e-01 -2.000000000000000000e+00 -3.269337351352059150e-15 2.235024999999985634e-02 3.080024999999986593e-02 9.509228532235891596e-02 1.310439999999994942e-01 7.549679012345693156e-03 1.040400000000001567e-02
4.000000000000000000e+00 3.724499999999999922e+00 9.149999999999991473e-02 -2.000000000000000000e+00 0.000000000000000000e+00 -9.036999999999999034e+00 2.960000000000002629e-01 -2.000000000000000000e+00 -8.963134655959248662e-15 -3.340000000000000191e-01 4.129999999999999782e-01 -2.000000000000000000e+00 2.955026275566692921e-16 6.075336419753074070e-03 8.372249999999983872e-03 6.357868861454012144e-02 8.761599999999970800e-02 1.237736639231824115e-01 1.705689999999999706e-01
4.000000000000000000e+00 4.274000000000000021e+00 5.799999999999982947e-02 -2.000000000000000000e+00 0.000000000000000000e+00 -8.870499999999999829e+00 4.950000000000009948e-02 -2.000000000000000000e+00 0.000000000000000000e+00 -2.020000000000000129e-01 1.999999999999987899e-03 -1.999999999999999778e+00 2.078291289039519583e-14 2.441091906721521484e-03 3.363999999999980287e-03 1.778027777777784618e-03 2.450250000000010146e-03 2.902606310013728900e-06 3.999999999999999819e-06
4.000000000000000000e+00 4.942000000000000171e+00 2.970000000000001528e-01 -2.000000000000000000e+00 -4.502666908608992120e-15 -8.763500000000000512e+00 5.449999999999999289e-02 -2.000000000000000000e+00 4.889265558775400925e-14 -8.609999999999999876e-01 2.900000000000000355e-01 -2.000000000000000000e+00 0.000000000000000000e+00 6.400900000000027401e-02 8.820900000000032881e-02 2.155366598079477575e-03 2.970249999999916967e-03 6.102729766803842437e-02 8.410000000000002196e-02
4.000000000000000000e+00 3.863999999999999879e+00 1.859999999999999432e-01 -2.000000000000000000e+00 0.000000000000000000e+00 -8.887999999999999901e+00 2.179999999999999716e-01 -2.000000000000000000e+00 0.000000000000000000e+00 -6.354999999999999538e-01 2.815000000000000280e-01 -2.000000000000000000e+00 -5.443686398382497481e-16 2.510464197530862251e-02 3.459599999999998093e-02 3.448586556927295960e-02 4.752399999999998986e-02 5.750226371742114123e-02 7.924225000000005570e-02
4.000000000000000000e+00 3.969999999999999751e+00 3.079999999999998295e-01 -2.000000000000000000e+00 0.000000000000000000e+00 -8.799500000000000099e+00 1.650000000000062528e-02 -2.000000000000000000e+00 0.000000000000000000e+00 -4.359999999999999987e-01 8.400000000000001910e-02 -2.000000000000000000e+00 0.000000000000000000e+00 6.883821124828523597e-02 9.486399999999989285e-02 1.975586419753235900e-04 2.722500000000206309e-04 5.120197530864199764e-03 7.056000000000002374e-03
4.000000000000000000e+00 3.663499999999999979e+00 5.500000000000060396e-03 -2.000000000000000000e+00 0.000000000000000000e+00 -9.310999999999999943e+00 2.129999999999991900e-01 -2.000000000000000000e+00 0.000000000000000000e+00 -3.940000000000000169e-01 4.869999999999999885e-01 -2.000000000000000000e+00 0.000000000000000000e+00 2.195096021947921417e-05 3.025000000000066752e-05 3.292208641975283290e-02 4.536899999999965960e-02 1.721020589849107663e-01 2.371689999999999909e-01
4.000000000000000000e+00 3.983999999999999986e+00 3.630000000000002114e-01 -2.000000000000000000e+00 1.740810983184313565e-15 -8.931499999999999773e+00 1.385000000000005116e-01 -2.000000000000000000e+00 0.000000000000000000e+00 -7.050000000000000711e-01 1.980000000000000093e-01 -1.999999999999999778e+00 7.821728361462322794e-16 9.561838271604933270e-02 1.317690000000000250e-01 1.391962997256525683e-02 1.918225000000014710e-02 2.844844444444445675e-02 3.920400000000003049e-02
4.000000000000000000e+00 3.504999999999999893e+00 1.890000000000000568e-01 -2.000000000000000000e+00 0.000000000000000000e+00 -9.251500000000000057e+00 6.150000000000055422e-02 -2.000000000000000000e+00 0.000000000000000000e+00 -5.440000000000000391e-01 3.549999999999999822e-01 -1.999999999999999778e+00 1.550976394446044782e-16 2.592100000000000654e-02 3.572100000000002357e-02 2.744595679012394335e-03 3.782250000000068543e-03 9.145024005486968033e-02 1.260250000000000259e-01
3.000000000000000000e+00 7.214000000000000412e+00 1.009999999999999787e-01 -2.000000000000000000e+00 0.000000000000000000e+00 -2.001500000000000057e+00 4.550000000000009592e-02 -2.000000000000000000e+00 0.000000000000000000e+00 7.413999999999999702e+00 2.549999999999998934e-01 -2.000000000000000000e+00 0.000000000000000000e+00 7.402371742112478711e-03 1.020099999999999653e-02 1.502280178326480687e-03 2.070250000000008715e-03 4.718549382716044627e-02 6.502499999999995783e-02
3.000000000000000000e+00 5.965999999999999304e+00 1.177000000000000046e+00 -1.999999999999999778e+00 1.089433746508616560e-15 9.969999999999999973e-01 6.199999999999994404e-02 -2.000000000000000000e+00 0.000000000000000000e+00 7.988500000000000156e+00 1.969500000000000028e+00 -2.000000000000000000e+00 0.000000000000000000e+00 1.005266174211248975e+00 1.385329000000001143e+00 2.789404663923176955e-03 3.843999999999994123e-03 2.814751854938271070e+00 3.878930250000000690e+00
3.000000000000000000e+00 6.993000000000000327e+00 2.785000000000000142e+00 -2.000000000000000000e+00 0.000000000000000000e+00 3.255000000000000115e-01 4.350000000000001088e-02 -2.000000000000000000e+00 -1.893434803422807916e-15 6.816499999999999559e+00 1.024999999999995914e-01 -1.999999999999999778e+00 1.298758453307472844e-14 5.628316906721535062e+00 7.756225000000001479e+00 1.373114197530866595e-03 1.892250000000003304e-03 7.623876886145418245e-03 1.050624999999999476e-02
3.000000000000000000e+00 3.887000000000000455e+00 1.436000000000000165e+00 -1.999999999999999778e+00 -5.248980335679935867e-16 8.060000000000000497e-01 5.349999999999999201e-01 -2.000000000000000000e+00 -2.718818093630567069e-16 7.932999999999999829e+00 1.419999999999994600e-01 -2.000000000000000000e+00 0.000000000000000000e+00 1.496363215363512245e+00 2.062096000000001261e+00 2.076996227709190235e-01 2.862250000000000627e-01 1.463203840877903318e-02 2.016399999999985218e-02
3.000000000000000000e+00 1.197999999999999954e+00 2.510000000000000564e-01 -2.000000000000000000e+00 6.582037340620746014e-16 1.008999999999999897e+00 1.019999999999999796e-01 -2.000000000000000000e+00 3.269337351352059150e-15 7.277499999999999858e+00 9.845000000000001528e-01 -2.000000000000000000e+00 1.338014773749884384e-15 4.571677503429358996e-02 6.300100000000007083e-02 7.549679012345654992e-03 1.040399999999997750e-02 7.033307163923175898e-01 9.692402499999996923e-01
3.000000000000000000e+00 2.439999999999999947e-01 1.819999999999999951e-01 -2.000000000000000000e+00 0.000000000000000000e+00 1.074999999999999956e+00 2.759999999999999676e-01 -2.000000000000000000e+00 5.775652423067963329e-16 9.589999999999999858e+00 9.779999999999997584e-01 -2.000000000000000000e+00 0.000000000000000000e+00 2.403648285322358691e-02 3.312400000000000067e-02 5.527723456790117201e-02 7.617599999999997984e-02 6.940741234567895379e-01 9.564839999999996678e-01
3.000000000000000000e+00 -2.735000000000000209e-01 2.775000000000000244e-01 -2.000000000000000000e+00 0.000000000000000000e+00 1.053500000000000103e+00 2.905000000000000360e-01 -2.000000000000000000e+00 -5.660852417184361204e-16 1.201050000000000040e+01 9.844999999999997087e-01 -2.000000000000000000e+00 -2.676029547499772317e-15 5.587970679012346092e-02 7.700625000000001219e-02 6.123791803840874376e-02 8.439025000000001386e-02 7.033307163923161465e-01 9.692402499999980270e-01
3.000000000000000000e+00 6.580000000000000293e-01 1.969999999999999807e-01 -2.000000000000000000e+00 -4.537969503847117405e-16 5.444999999999999840e-01 1.157499999999999973e+00 -2.000000000000000000e+00 0.000000000000000000e+00 1.338349999999999973e+01 1.399499999999999744e+00 -2.000000000000000000e+00 0.000000000000000000e+00 2.816181207133058861e-02 3.880899999999999628e-02 9.722325188614538982e-01 1.339806249999999865e+00 1.421261361111110455e+00 1.958600249999999265e+00
3.000000000000000000e+00 1.169499999999999984e+00 2.824999999999999734e-01 -2.000000000000000000e+00 0.000000000000000000e+00 -1.129999999999999616e-01 5.799999999999999600e-01 -2.000000000000000000e+00 0.000000000000000000e+00 1.124249999999999972e+01 5.265000000000004121e-01 -2.000000000000000000e+00 0.000000000000000000e+00 5.791153120713303515e-02 7.980624999999998137e-02 2.441091906721535865e-01 3.363999999999999213e-01 2.011522500000002822e-01 2.772022500000004275e-01
3.000000000000000000e+00 -4.004999999999999671e-01 5.650000000000002243e-02 -1.999999999999999778e+00 -1.502812983165816071e-15 6.750000000000000444e-01 1.100000000000000977e-02 -2.000000000000000000e+00 0.000000000000000000e+00 1.281050000000000111e+01 5.415000000000000924e-01 -2.000000000000000444e+00 -4.981954027170946485e-15 2.316461248285326454e-03 3.192250000000005413e-03 8.780384087791506776e-05 1.210000000000002306e-04 2.127771882716041341e-01 2.932222499999993515e-01
3.000000000000000000e+00 5.349999999999999201e-02 1.297499999999999876e+00 -2.000000000000000000e+00 0.000000000000000000e+00 -5.064999999999999503e-01 1.421499999999999986e+00 -2.000000000000000000e+00 0.000000000000000000e+00 9.858999999999999986e+00 1.539999999999999147e+00 -2.000000000000000000e+00 0.000000000000000000e+00 1.221638966049382047e+00 1.683506249999999982e+00 1.466296749314128567e+00 2.020662249999999993e+00 1.720955281207130705e+00 2.371599999999997266e+00
3.000000000000000000e+00 1.852500000000000036e+00 1.111499999999999932e+00 -2.000000000000000000e+00 0.000000000000000000e+00 2.134999999999999787e+00 4.899999999999999911e-01 -1.999999999999999778e+00 1.356531375446168413e-15 9.219500000000000028e+00 9.894999999999996021e-01 -2.000000000000000000e+00 0.000000000000000000e+00 8.964933611111106648e-01 1.235432249999999899e+00 1.742289437585735346e-01 2.401000000000002021e-01 7.104928974622763960e-01 9.791102499999992936e-01
3.000000000000000000e+00 2.078000000000000291e+00 7.000000000000006217e-02 -2.000000000000000000e+00 -9.561841317109743552e-15 5.265000000000000568e+00 2.999999999999980460e-02 -2.000000000000000000e+00 -4.448491552617116606e-14 6.131999999999999673e+00 1.271999999999999797e+00 -2.000000000000000000e+00 9.710048541059664968e-16 3.555692729766835557e-03 4.900000000000035404e-03 6.530864197531005381e-04 9.000000000000109258e-04 1.174092641975309048e+00 1.617984000000000755e+00
3.000000000000000000e+00 8.600000000000002087e-02 6.550000000000000266e-01 -2.000000000000000000e+00 0.000000000000000000e+00 4.847999999999999865e+00 3.910000000000000142e-01 -2.000000000000000000e+00 0.000000000000000000e+00 9.355499999999999261e+00 1.465000000000005187e-01 -2.000000000000000000e+00 1.820670358141220218e-14 3.113226680384088008e-01 4.290250000000000452e-01 1.109383388203017684e-01 1.528810000000000169e-01 1.557411556927330333e-02 2.146225000000037339e-02
3.000000000000000000e+00 1.389000000000000012e+00 1.290000000000000036e-01 -2.000000000000000000e+00 0.000000000000000000e+00 5.080000000000000071e+00 2.409999999999996589e-01 -2.000000000000000000e+00 0.000000000000000000e+00 8.381000000000000227e+00 1.679000000000000270e+00 -2.000000000000000000e+00 0.000000000000000000e+00 1.207556790123456500e-02 1.664099999999999954e-02 4.214656927297655287e-02 5.808099999999982721e-02 2.045641548696844669e+00 2.819041000000001240e+00
3.000000000000000000e+00 1.188999999999999835e+00 8.529999999999998694e-01 -2.000000000000000000e+00 3.577611121775250672e-16 5.078999999999999737e+00 9.039999999999999147e-01 -2.000000000000000000e+00 0.000000000000000000e+00 1.130649999999999977e+01 7.155000000000004690e-01 -2.000000000000000000e+00 0.000000000000000000e+00 5.279906186556923009e-01 7.276089999999997282e-01 5.930140795610423510e-01 8.172159999999999425e-01 3.714902500000004104e-01 5.119402500000007628e-01
3.000000000000000000e+00 2.056999999999999940e+00 1.205999999999999961e+00 -2.000000000000000000e+00 0.000000000000000000e+00 5.241500000000000270e+00 8.174999999999998934e-01 -2.000000000000000000e+00 0.000000000000000000e+00 8.580500000000000682e+00 1.152500000000000302e+00 -2.000000000000000000e+00 -1.160399172103925397e-15 1.055413777777777451e+00 1.454436000000000062e+00 4.849574845679010537e-01 6.683062499999997685e-01 9.638512431412888937e-01 1.328256249999999694e+00
3.000000000000000000e+00 -2.571000000000000174e+00 1.645000000000000018e+00 -2.000000000000000000e+00 0.000000000000000000e+00 6.239499999999999602e+00 2.849999999999975123e-02 -2.000000000000000000e+00 4.668919627400671500e-14 3.493500000000000050e+00 2.415499999999999758e+00 -2.000000000000000000e+00 0.000000000000000000e+00 1.963631310013716824e+00 2.706025000000000347e+00 5.894104938271714934e-04 8.122500000000071937e-04 4.233915901577501195e+00 5.834640249999999639e+00
3.000000000000000000e+00 2.399000000000000021e+00 4.399999999999999467e-01 -2.000000000000000000e+00 0.000000000000000000e+00 1.050499999999999989e+00 3.550000000000008704e-02 -2.000000000000000000e+00 0.000000000000000000e+00 8.951499999999999346e+00 3.374999999999994671e-01 -1.999999999999999778e+00 7.851600113185109529e-15 1.404861454046638924e-01 1.935999999999999666e-01 9.145024005487012832e-04 1.260250000000006157e-03 8.265625000000023648e-02 1.139062500000001671e-01
3.000000000000000000e+00 9.379999999999999449e-01 8.870000000000000107e-01 -2.000000000000000000e+00 1.590887136696808672e-16 1.138500000000000068e+00 4.195000000000000395e-01 -2.000000000000000000e+00 -4.699637450957541697e-16 8.642500000000000071e+00 8.234999999999996767e-01 -1.999999999999999778e+00 -1.590411129795831888e-15 5.709201659807955354e-01 7.867690000000000516e-01 1.277003460219479081e-01 1.759802500000000880e-01 4.921022499999988531e-01 6.781522499999989018e-01
3.000000000000000000e+00 2.384999999999999787e+00 2.009999999999998455e-01 -2.000000000000000000e+00 3.311111317701802489e-15 1.335999999999999854e+00 7.949999999999999289e-01 -2.000000000000000000e+00 1.104787745116122039e-16 1.137800000000000011e+01 1.290000000000000036e+00 -1.999999999999999778e+00 -2.172152884477284866e-15 2.931704938271607538e-02 4.040100000000002023e-02 4.586299382716046424e-01 6.320249999999999480e-01 1.207556790123458734e+00 1.664100000000002133e+00
3.000000000000000000e+00 1.132099999999999973e+01 3.753999999999999559e+00 -2.000000000000000000e+00 0.000000000000000000e+00 3.769999999999998908e-01 1.633000000000000007e+00 -2.000000000000000000e+00 0.000000000000000000e+00 1.591949999999999932e+01 3.539499999999999424e+00 -2.000000000000000000e+00 7.210692368952181497e-16 1.022625646639231434e+01 1.409251599999999627e+01 1.935087079561041978e+00 2.666689000000000309e+00 9.091006683470508776e+00 1.252806025000000290e+01
3.000000000000000000e+00 1.127949999999999875e+01 2.348500000000000476e+00 -2.000000000000000000e+00 1.097105787061046398e-15 -1.284199999999999875e+01 1.604000000000000092e+00 -2.000000000000000000e+00 -1.614166717499700388e-15 1.551950000000000074e+01 4.131499999999999950e+00 -2.000000000000000000e+00 -6.045304526185205345e-16 4.002296625857336032e+00 5.515452249999999168e+00 1.866967989026065533e+00 2.572816000000002656e+00 1.238635884807956344e+01 1.706929225000000372e+01
3.000000000000000000e+00 1.484849999999999959e+01 5.063499999999999446e+00 -2.000000000000000000e+00 0.000000000000000000e+00 -7.778000000000000469e+00 3.356000000000000316e+00 -2.000000000000000000e+00 4.699637450957541697e-16 6.121499999999999275e+00 2.164499999999999869e+00 -2.000000000000000000e+00 5.255072315114386993e-16 1.860500419787379656e+01 2.563903224999999253e+01 8.172822145404666117e+00 1.126273600000000563e+01 3.399721361111111229e+00 4.685060250000002036e+00
3.000000000000000000e+00 1.647200000000000131e+01 3.086000000000000298e+00 -2.000000000000000000e+00 -1.692390109578796056e-15 1.950499999999999901e+00 6.455000000000000737e-01 -2.000000000000000000e+00 5.159783780585231361e-16 4.837500000000000355e+00 6.185000000000000497e-01 -2.000000000000000000e+00 0.000000000000000000e+00 6.910667330589859603e+00 9.523396000000012407e+00 3.023574242112484489e-01 4.166702500000002418e-01 2.775923871742111970e-01 3.825422500000001391e-01
3.000000000000000000e+00 7.003999999999999559e+00 5.070000000000001172e-01 -2.000000000000000000e+00 2.555686662704894915e-15 1.874000000000000110e+00 5.339999999999999192e-01 -2.000000000000000000e+00 -6.379615605812378741e-16 5.229000000000000092e+00 1.181000000000000050e+00 -2.000000000000000000e+00 0.000000000000000000e+00 1.865280123456786732e-01 2.570489999999996944e-01 2.069239012345676920e-01 2.851559999999999095e-01 1.012110519890260463e+00 1.394761000000000362e+00
3.000000000000000000e+00 8.442500000000000782e+00 1.088500000000000245e+00 -1.999999999999999778e+00 -1.291267405917698507e-15 1.600500000000000034e+00 1.350000000000006750e-02 -2.000000000000000000e+00 0.000000000000000000e+00 6.173000000000000043e+00 2.219999999999999751e-01 -2.000000000000000000e+00 -6.024970559229671469e-15 8.597753912894371409e-01 1.184832249999999698e+00 1.322500000000012901e-04 1.822500000000018550e-04 3.576301234567916265e-02 4.928400000000016101e-02
3.000000000000000000e+00 8.744500000000000384e+00 5.250000000000021316e-02 -2.000000000000000000e+00 0.000000000000000000e+00 1.258999999999999897e+00 3.180000000000000049e-01 -2.000000000000000000e+00 4.315577129359850549e-16 5.637999999999999901e+00 3.469999999999999751e-01 -2.000000000000000000e+00 3.819703554330572118e-15 2.000077160493842886e-03 2.756250000000022571e-03 7.338079012345674612e-02 1.011239999999999778e-01 8.737498079561065167e-02 1.204090000000002658e-01
3.000000000000000000e+00 8.692499999999999005e+00 6.465000000000005187e-01 -2.000000000000000000e+00 4.108701987655006359e-15 1.402499999999999858e+00 2.734999999999999654e-01 -2.000000000000000000e+00 1.271889912424466826e-15 3.802000000000000046e+00 3.069999999999999396e-01 -2.000000000000000000e+00 0.000000000000000000e+00 3.032949660493821087e-01 4.179622499999997576e-01 5.428037071330582553e-02 7.480224999999991742e-02 6.839193552812067312e-02 9.424899999999997169e-02
3.000000000000000000e+00 7.709500000000000242e+00 2.854999999999998650e-01 -2.000000000000000000e+00 0.000000000000000000e+00 6.169999999999999929e-01 1.700000000000001510e-02 -2.000000000000000000e+00 0.000000000000000000e+00 4.852500000000000036e+00 3.194999999999996732e-01 -2.000000000000000000e+00 0.000000000000000000e+00 5.914804149519882481e-02 8.151024999999993692e-02 2.097133058984913952e-04 2.890000000000005737e-04 7.407469444444429729e-02 1.020802499999997892e-01
3.000000000000000000e+00 9.330000000000000071e+00 2.360000000000006537e-01 -2.000000000000000000e+00 0.000000000000000000e+00 1.560000000000000053e+00 3.319999999999999618e-01 -2.000000000000000000e+00 -9.480822163546082913e-16 4.444499999999999673e+00 3.195000000000001172e-01 -1.999999999999999778e+00 4.148702289670485826e-15 4.041589026063122092e-02 5.569600000000030776e-02 7.998421947873790572e-02 1.102239999999999193e-01 7.407469444444422790e-02 1.020802499999998447e-01
3.000000000000000000e+00 8.173000000000000043e+00 1.880000000000001670e-01 -2.000000000000000000e+00 7.114153222366411587e-15 -1.058499999999999996e+00 5.255000000000000782e-01 -2.000000000000000000e+00 -2.868952358389990878e-16 4.570000000000000284e+00 5.299999999999993605e-02 -2.000000000000000000e+00 0.000000000000000000e+00 2.564742935528110598e-02 3.534399999999991715e-02 2.003888645404664215e-01 2.761502500000000970e-01 2.038355281207127404e-03 2.808999999999993360e-03
3.000000000000000000e+00 7.528000000000000469e+00 5.559999999999996056e-01 -2.000000000000000000e+00 -2.422239727568593962e-15 -3.331999999999999851e+00 1.060000000000000941e-01 -2.000000000000000000e+00 -6.281187649997951566e-15 6.196500000000000341e+00 3.254999999999999005e-01 -2.000000000000000000e+00 0.000000000000000000e+00 2.243250260630993143e-01 3.091359999999991892e-01 8.153421124828584207e-03 1.123600000000006191e-02 7.688296604938264778e-02 1.059502499999999403e-01
3.000000000000000000e+00 1.023099999999999987e+01 7.019999999999999574e-01 -2.000000000000000000e+00 0.000000000000000000e+00 -7.625000000000000000e+00 1.028999999999999915e+00 -2.000000000000000000e+00 0.000000000000000000e+00 5.721999999999999531e+00 1.226999999999999869e+00 -1.999999999999999778e+00 1.081805155317457750e-15 3.576039999999999774e-01 4.928039999999998533e-01 7.683496419753083062e-01 1.058841000000000143e+00 1.092489493827160985e+00 1.505529000000000783e+00
3.000000000000000000e+00 8.174500000000000099e+00 2.784999999999997478e-01 -2.000000000000000000e+00 -4.818433922585535565e-15 -2.431000000000000050e+00 1.049999999999999822e+00 -2.000000000000000000e+00 2.877157174279641815e-16 3.543000000000000149e+00 2.510000000000001119e-01 -2.000000000000000000e+00 -2.632814936248296828e-15 5.628316906721545637e-02 7.756225000000008252e-02 8.000308641975307777e-01 1.102500000000000258e+00 4.571677503429368017e-02 6.300100000000014022e-02
3.000000000000000000e+00 9.182999999999999829e+00 6.989999999999998437e-01 -2.000000000000000000e+00 0.000000000000000000e+00 -4.560000000000000164e-01 2.140000000000000235e-01 -2.000000000000000000e+00 0.000000000000000000e+00 5.518499999999999517e+00 1.395000000000004015e-01 -1.999999999999999778e+00 9.505273277690926166e-15 3.545540864197527786e-01 4.886009999999998410e-01 3.323193964334704431e-02 4.579600000000001725e-02 1.412136111111108282e-02 1.946025000000001226e-02
3.000000000000000000e+00 1.096150000000000091e+01 6.950000000000056133e-02 -1.999999999999999778e+00 -3.835212901983506539e-14 -1.685000000000000109e-01 2.775000000000000244e-01 -2.000000000000000000e+00 2.435356520783361491e-16 2.687500000000000000e+00 2.614999999999998437e-01 -2.000000000000000000e+00 0.000000000000000000e+00 3.505078532235890356e-03 4.830249999999973454e-03 5.587970679012346092e-02 7.700625000000001219e-02 4.962168758573382021e-02 6.838224999999990839e-02
3.000000000000000000e+00 1.152449999999999974e+01 1.434999999999995168e-01 -2.000000000000000000e+00 0.000000000000000000e+00 1.163999999999999924e+00 5.940000000000000835e-01 -2.000000000000000000e+00 1.986470694974557841e-16 8.000000000000000167e-02 1.689999999999999836e-01 -2.000000000000000000e+00 0.000000000000000000e+00 1.494279869684489101e-02 2.059224999999986067e-02 2.560360000000000413e-01 3.528360000000000940e-01 2.072533470507544051e-02 2.856099999999999611e-02
3.000000000000000000e+00 1.153000000000000114e+01 8.540000000000000924e-01 -2.000000000000000000e+00 -3.119425847792900351e-15 1.025500000000000078e+00 6.350000000000000089e-02 -2.000000000000000000e+00 -5.187106752183524175e-15 -4.134999999999999787e-01 1.934999999999999776e-01 -1.999999999999999778e+00 -2.394348417633691250e-16 5.292293058984923748e-01 7.293160000000014076e-01 2.926008573388214854e-03 4.032250000000013254e-03 2.717002777777777212e-02 3.744225000000001025e-02
3.000000000000000000e+00 -2.008499999999999730e+00 7.474999999999999423e-01 -1.999999999999999556e+00 -4.651732018366369436e-16 1.980000000000000093e-01 2.329999999999999849e-01 -2.000000000000000000e+00 -2.057092173261895734e-16 4.502499999999999503e+00 2.255500000000000060e+00 -2.000000000000000000e+00 5.418383779747389985e-16 4.054623542524002366e-01 5.587562499999998433e-01 3.939489849108367137e-02 5.428900000000000392e-02 3.691592938614542074e+00 5.087280250000001836e+00
3.000000000000000000e+00 3.538999999999999702e+00 1.042999999999999927e+00 -2.000000000000000000e+00 6.849444398160969319e-16 -4.020999999999999908e+00 5.579999999999998295e-01 -2.000000000000000000e+00 0.000000000000000000e+00 9.538000000000000256e+00 9.749999999999996447e-01 -2.000000000000000000e+00 0.000000000000000000e+00 7.893993429355281588e-01 1.087849000000000066e+00 2.259417777777776026e-01 3.113639999999998076e-01 6.898225308641968700e-01 9.506249999999994982e-01
3.000000000000000000e+00 8.133000000000000895e+00 4.620000000000001883e-01 -2.000000000000000000e+00 -2.885015675514795717e-15 -2.155999999999999694e+00 8.299999999999996270e-02 -2.000000000000000000e+00 -8.058698839014177871e-15 1.277850000000000108e+01 1.138499999999999623e+00 -2.000000000000000000e+00 -2.257004264595078697e-15 1.548859753086424262e-01 2.134440000000005222e-01 4.999013717421087882e-03 6.888999999999962862e-03 9.405766944444420297e-01 1.296182249999997316e+00
3.000000000000000000e+00 5.243000000000000327e+00 1.009999999999999787e-01 -2.000000000000000000e+00 0.000000000000000000e+00 -2.935500000000000220e+00 3.655000000000001581e-01 -2.000000000000000000e+00 1.776389167977771449e-15 1.233450000000000024e+01 1.354499999999999815e+00 -2.000000000000000000e+00 0.000000000000000000e+00 7.402371742112478711e-03 1.020099999999999653e-02 9.693997565157744245e-02 1.335902499999999937e-01 1.331331361111110612e+00 1.834670249999999614e+00
3.000000000000000000e+00 6.102000000000000313e+00 6.839999999999997193e-01 -2.000000000000000000e+00 -1.994847814795546247e-15 -9.301999999999999602e+00 1.840000000000001634e-01 -2.000000000000000000e+00 -1.448038571783463538e-14 1.948499999999999943e+01 2.521000000000000796e+00 -2.000000000000000000e+00 0.000000000000000000e+00 3.395004444444446046e-01 4.678560000000001606e-01 2.456765980795641915e-02 3.385600000000034415e-02 4.611835787379974683e+00 6.355441000000004337e+00
3.000000000000000000e+00 5.433500000000000441e+00 3.335000000000003517e-01 -2.000000000000000000e+00 -4.021991906361910920e-15 -1.345500000000000007e+01 2.915000000000000924e+00 -2.000000000000000000e+00 0.000000000000000000e+00 9.214500000000001023e+00 6.226500000000000590e+00 -2.000000000000000000e+00 -4.120844836180260495e-16 8.070860116598069234e-02 1.112222499999999809e-01 6.166024725651581662e+00 8.497225000000003803e+00 2.813300533641976386e+01 3.876930225000001684e+01
3.000000000000000000e+00 1.961399999999999721e+01 9.380000000000006111e-01 -2.000000000000000000e+00 5.717295569736182079e-15 -3.213000000000000078e+00 3.740000000000000213e+00 -2.000000000000000000e+00 0.000000000000000000e+00 -2.310500000000000220e+00 3.415499999999999758e+00 -1.999999999999999778e+00 8.916560057659561138e-17 6.384601865569252688e-01 8.798439999999981831e-01 1.015012400548696725e+01 1.398760000000000048e+01 8.465190249999997363e+00 1.166564025000000093e+01
3.000000000000000000e+00 1.232450000000000045e+01 5.705000000000000071e-01 -2.000000000000000000e+00 -4.633882166425444714e-15 9.450000000000000067e-02 7.150000000000000799e-02 -2.000000000000000000e+00 0.000000000000000000e+00 -9.451999999999999957e+00 2.629999999999999005e-01 -2.000000000000000000e+00 0.000000000000000000e+00 2.361780003429362895e-01 3.254702500000009602e-01 3.709712277091906703e-03 5.112250000000001342e-03 5.019259396433465442e-02 6.916899999999995274e-02
3.000000000000000000e+00 8.873999999999998778e+00 5.089999999999994529e-01 -2.000000000000000000e+00 5.156594437960933034e-15 -1.228499999999999925e+00 2.755000000000000226e-01 -2.000000000000000000e+00 -4.977562210713357415e-16 -3.585999999999999854e+00 1.690000000000000391e-01 -2.000000000000000000e+00 0.000000000000000000e+00 1.880025363511647341e-01 2.590809999999987290e-01 5.507713614540463848e-02 7.590024999999997468e-02 2.072533470507545439e-02 2.856100000000001346e-02
3.000000000000000000e+00 9.448999999999999844e+00 1.109999999999999432e+00 -2.000000000000000000e+00 0.000000000000000000e+00 -2.762500000000000178e+00 1.035500000000000087e+00 -2.000000000000000000e+00 2.999723150776407242e-16 -2.568500000000000227e+00 8.345000000000000195e-01 -2.000000000000000000e+00 8.596936532472028428e-16 8.940753086419742646e-01 1.232099999999998641e+00 7.780873419067212415e-01 1.072260249999999804e+00 5.053366834705077526e-01 6.963902500000004325e-01
3.000000000000000000e+00 9.070499999999999119e+00 4.464999999999994529e-01 -2.000000000000000000e+00 5.924332836679559859e-15 -4.338499999999999801e+00 7.285000000000001474e-01 -2.000000000000000000e+00 -9.332648787397891937e-16 4.299999999999999822e+00 3.070000000000001616e-01 -2.000000000000000000e+00 2.218282501969772043e-15 1.446675312071333541e-01 1.993622500000002129e-01 3.851121814128947718e-01 5.307122500000004406e-01 6.839193552812088128e-02 9.424900000000022149e-02
1.000000000000000000e+00 3.797499999999999876e+00 5.849999999999999645e-02 -2.000000000000000000e+00 0.000000000000000000e+00 7.266000000000000014e+00 6.700000000000017053e-02 -2.000000000000000000e+00 0.000000000000000000e+00 4.854499999999999815e+00 2.065000000000001279e-01 -2.000000000000000000e+00 0.000000000000000000e+00 2.483361111111110232e-03 3.422249999999999511e-03 3.257449931412910275e-03 4.489000000000023353e-03 3.094341598079564104e-02 4.264225000000006205e-02
1.000000000000000000e+00 4.221999999999999531e+00 2.429999999999998828e-01 -2.000000000000000000e+00 5.500761706584678340e-15 6.502500000000000391e+00 4.455000000000000071e-01 -2.000000000000000000e+00 0.000000000000000000e+00 7.054499999999999993e+00 4.204999999999996518e-01 -2.000000000000000000e+00 0.000000000000000000e+00 4.284899999999976228e-02 5.904899999999977528e-02 1.440202499999999886e-01 1.984702500000000147e-01 1.283098933470505076e-01 1.768202499999997068e-01
1.000000000000000000e+00 6.098000000000000753e+00 5.680000000000000604e-01 -1.999999999999999778e+00 -2.347669347061883085e-15 5.621000000000000441e+00 1.099999999999967670e-02 -2.000000000000000000e+00 -1.211524397697608183e-13 5.663000000000000256e+00 2.410000000000001030e-01 -2.000000000000000000e+00 -5.576884393954916294e-15 2.341126145404660019e-01 3.226239999999995778e-01 8.780384087790144747e-05 1.209999999999845910e-04 4.214656927297688593e-02 5.808100000000022967e-02
1.000000000000000000e+00 4.475500000000000256e+00 4.935000000000000497e-01 -2.000000000000000000e+00 0.000000000000000000e+00 6.074500000000000455e+00 2.334999999999998188e-01 -2.000000000000000000e+00 -5.722936030665834683e-15 5.865499999999999936e+00 3.274999999999996803e-01 -2.000000000000000000e+00 0.000000000000000000e+00 1.767268179012345952e-01 2.435422500000000989e-01 3.956415672153645174e-02 5.452225000000009841e-02 7.783066700960201978e-02 1.072562499999997893e-01
1.000000000000000000e+00 1.273349999999999937e+01 3.907499999999998863e+00 -2.000000000000000000e+00 0.000000000000000000e+00 6.722999999999999865e+00 1.509999999999998010e-01 -2.000000000000000000e+00 0.000000000000000000e+00 3.875499999999999723e+00 1.030499999999999750e+00 -2.000000000000000000e+00 6.087198889271027041e-16 1.107965192901233742e+01 1.526855624999999073e+01 1.654558161865564078e-02 2.280099999999994284e-02 7.705913611111101513e-01 1.061930249999999187e+00
1.000000000000000000e+00 1.065249999999999986e+01 2.747500000000000053e+00 -1.999999999999999778e+00 5.138878617217808723e-16 -1.921999999999999931e+00 5.100000000000000089e-01 -2.000000000000000000e+00 0.000000000000000000e+00 5.910499999999999865e+00 6.154999999999999361e-01 -2.000000000000000000e+00 0.000000000000000000e+00 5.477766881001368660e+00 7.548756249999998502e+00 1.887419753086419238e-01 2.601000000000000534e-01 2.749060250342933998e-01 3.788402499999999895e-01
1.000000000000000000e+00 5.048999999999999488e+00 2.923999999999999932e+00 -2.000000000000000000e+00 3.552778335955548123e-16 6.557000000000000384e+00 5.320000000000000284e+00 -2.000000000000000000e+00 0.000000000000000000e+00 1.887000000000000099e+01 5.788000000000000256e+00 -2.000000000000000000e+00 0.000000000000000000e+00 6.204158441700956317e+00 8.549775999999999598e+00 2.053768120713305834e+01 2.830240000000000578e+01 2.431001286145404450e+01 3.350094400000000405e+01
1.000000000000000000e+00 8.007500000000000284e+00 1.941500000000000004e+00 -1.999999999999999778e+00 -6.674991571421562786e-16 9.759999999999999787e-01 1.262000000000000011e+00 -2.000000000000000000e+00 0.000000000000000000e+00 1.155399999999999849e+01 1.905000000000000249e+00 -2.000000000000000000e+00 1.413214100235106378e-15 2.735287201989024197e+00 3.769422249999998531e+00 1.155704631001371219e+00 1.592644000000000393e+00 2.633407716049379843e+00 3.629024999999998169e+00
1.000000000000000000e+00 8.590499999999998693e+00 1.240499999999999936e+00 -2.000000000000000000e+00 2.151897832199177475e-15 4.738999999999999879e+00 1.719000000000000083e+00 -1.999999999999999778e+00 3.497055963582368151e-16 5.381499999999999950e+00 2.125000000000003553e-01 -2.000000000000000000e+00 0.000000000000000000e+00 1.116661854938273191e+00 1.538840250000001797e+00 2.144272111111111823e+00 2.954961000000000837e+00 3.276770404663933295e-02 4.515625000000015460e-02
1.000000000000000000e+00 1.820700000000000074e+01 4.678000000000000824e+00 -2.000000000000000000e+00 0.000000000000000000e+00 2.192000000000000171e+00 1.062000000000000055e+00 -2.000000000000000000e+00 -6.488356733091568155e-16 9.815999999999998948e+00 1.758000000000000007e+00 -2.000000000000000000e+00 1.552984817269743890e-15 1.587992981618655897e+01 2.188368400000000946e+01 8.184217777777781366e-01 1.127844000000000735e+00 2.242672641975305137e+00 3.090563999999998313e+00
1.000000000000000000e+00 5.218999999999999417e+00 2.890000000000001457e-01 -2.000000000000000000e+00 4.671432567981152489e-15 -2.942499999999999893e+00 1.745000000000000995e-01 -2.000000000000000000e+00 0.000000000000000000e+00 1.100600000000000023e+01 2.029999999999994031e-01 -2.000000000000000000e+00 0.000000000000000000e+00 6.060714540466419220e-02 8.352100000000030333e-02 2.209627194787381829e-02 3.045025000000003979e-02 2.990337585733863351e-02 4.120899999999975971e-02
1.000000000000000000e+00 -7.329999999999998739e-01 3.022000000000000242e+00 -2.000000000000000000e+00 0.000000000000000000e+00 9.285000000000000142e+00 5.352999999999999758e+00 -2.000000000000000000e+00 0.000000000000000000e+00 2.360099999999999909e+01 1.241999999999999105e+00 -2.000000000000000000e+00 4.288221026948841330e-15 6.627001421124828262e+00 9.132484000000001600e+00 2.079326222359395615e+01 2.865460900000000066e+01 1.119363999999994475e+00 1.542563999999993829e+00
1.000000000000000000e+00 1.049450000000000038e+01 3.034999999999996589e-01 -2.000000000000000000e+00 0.000000000000000000e+00 1.935000000000000053e+00 6.290000000000000036e-01 -2.000000000000000000e+00 0.000000000000000000e+00 6.885500000000000398e+00 1.060499999999999776e+00 -1.999999999999999778e+00 -1.303185523451075949e-15 6.684139951989009898e-02 9.211224999999978458e-02 2.870975157750342288e-01 3.956410000000000204e-01 8.161114845679015017e-01 1.124660250000000472e+00
1.000000000000000000e+00 1.849249999999999972e+01 8.234999999999992326e-01 -2.000000000000000000e+00 0.000000000000000000e+00 4.199499999999999567e+00 3.714999999999999414e-01 -2.000000000000000000e+00 1.827037920719960002e-15 4.968499999999999694e+00 1.841499999999999915e+00 -2.000000000000000000e+00 0.000000000000000000e+00 4.921022499999990751e-01 6.781522499999986797e-01 1.001488069272977455e-01 1.380122500000001140e-01 2.460773210219478369e+00 3.391122250000000005e+00
1.000000000000000000e+00 9.430500000000000327e+00 2.357499999999999929e+00 -2.000000000000000000e+00 0.000000000000000000e+00 1.982499999999999929e+00 8.505000000000001448e-01 -1.999999999999999778e+00 3.609252547043027334e-16 5.983999999999999986e+00 1.128000000000000114e+00 -2.000000000000000000e+00 0.000000000000000000e+00 4.033030872770917874e+00 5.557806249999999615e+00 5.249002499999999571e-01 7.233502500000001945e-01 9.233074567901233820e-01 1.272384000000000182e+00
1.000000000000000000e+00 6.480999999999999872e+00 1.771000000000000352e+00 -2.000000000000000000e+00 7.994927642807626722e-16 -1.255499999999999616e+00 2.998499999999999943e+00 -2.000000000000000000e+00 0.000000000000000000e+00 1.346150000000000091e+01 2.709499999999999353e+00 -1.999999999999999778e+00 -9.823255308008649481e-16 2.275963359396432129e+00 3.136441000000000034e+00 6.524334966049380569e+00 8.991002250000001084e+00 5.327291415980787370e+00 7.341390249999993678e+00
1.000000000000000000e+00 8.141500000000000625e+00 1.835500000000000131e+00 -2.000000000000000000e+00 -7.899502480055271166e-16 6.260000000000000009e-01 8.570000000000000950e-01 -2.000000000000000000e+00 8.819374170845735074e-17 1.791850000000000165e+01 6.473499999999999588e+00 -1.999999999999999778e+00 -8.381518831140672535e-16 2.444763885116596924e+00 3.369060249999999090e+00 5.329540754458160778e-01 7.344490000000000185e-01 3.040930176989027345e+01 4.190620225000001398e+01
1.000000000000000000e+00 1.048099999999999987e+01 3.870000000000004547e-01 -2.000000000000000000e+00 0.000000000000000000e+00 4.329999999999999960e-01 1.116999999999999993e+00 -2.000000000000000000e+00 0.000000000000000000e+00 5.286500000000000199e+00 8.315000000000001279e-01 -2.000000000000000000e+00 0.000000000000000000e+00 1.086801111111113521e-01 1.497690000000003463e-01 9.053874910836759993e-01 1.247689000000000048e+00 5.017098768861455449e-01 6.913922500000001525e-01
1.000000000000000000e+00 1.988499999999999801e+01 9.719999999999995310e-01 -2.000000000000000000e+00 5.500761706584678340e-15 3.814000000000000057e+00 1.415000000000000036e+00 -2.000000000000000000e+00 0.000000000000000000e+00 3.636000000000000121e+00 2.720000000000000195e-01 -2.000000000000000000e+00 -2.499893697371738520e-15 6.855840000000021917e-01 9.447840000000019556e-01 1.452917729766803445e+00 2.002225000000000588e+00 5.368660631001382494e-02 7.398400000000011911e-02
1.000000000000000000e+00 7.770999999999999908e+00 8.869999999999995666e-01 -2.000000000000000000e+00 0.000000000000000000e+00 -3.075000000000000178e+00 1.019999999999999796e+00 -2.000000000000000000e+00 6.277127714595955028e-16 7.574500000000000455e+00 1.342499999999999805e+00 -2.000000000000000000e+00 -1.009462121866515950e-15 5.709201659807949802e-01 7.867689999999992745e-01 7.549679012345670293e-01 1.040399999999999325e+00 1.307846373456788447e+00 1.802306249999998666e+00
1.000000000000000000e+00 5.304499999999999993e+00 1.745000000000000995e-01 -2.000000000000000000e+00 0.000000000000000000e+00 9.580999999999999517e+00 6.203999999999999737e+00 -1.999999999999999778e+00 1.785361177094343336e-16 1.990599999999999881e+01 3.964000000000000412e+00 -2.000000000000000000e+00 1.368896182634249251e-15 2.209627194787381829e-02 3.045025000000003979e-02 2.793005056790122964e+01 3.848961600000001226e+01 1.140237803017834040e+01 1.571329600000001392e+01
1.000000000000000000e+00 1.200649999999999906e+01 5.004999999999997229e-01 -2.000000000000000000e+00 5.313115227858386918e-15 -8.850000000000000089e-01 1.590000000000000302e-01 -2.000000000000000000e+00 0.000000000000000000e+00 9.522999999999999687e+00 3.250000000000000000e+00 -2.000000000000000000e+00 0.000000000000000000e+00 1.817759015775024245e-01 2.505002499999989807e-01 1.834519753086420388e-02 2.528100000000001180e-02 7.664694787379971785e+00 1.056250000000000178e+01
1.000000000000000000e+00 1.206099999999999994e+01 3.272999999999999687e+00 -2.000000000000000000e+00 0.000000000000000000e+00 2.040999999999999925e+00 6.400000000000000133e-01 -2.000000000000000000e+00 5.293955920339376133e-16 3.266000000000000014e+00 3.679999999999998828e-01 -2.000000000000000000e+00 0.000000000000000000e+00 7.773563567901231153e+00 1.071252899999999819e+01 2.972268861454047673e-01 4.096000000000001307e-01 9.827063923182433047e-02 1.354239999999999056e-01
1.000000000000000000e+00 8.614499999999999602e+00 1.452500000000000124e+00 -2.000000000000000000e+00 9.419658422194780641e-16 4.279999999999999361e-01 2.008000000000000007e+00 -2.000000000000000000e+00 0.000000000000000000e+00 7.035499999999999865e+00 3.313499999999999890e+00 -2.000000000000000000e+00 1.953121582046425277e-16 1.530947950960218629e+00 2.109756249999999334e+00 2.925873602194786649e+00 4.032064000000000981e+00 7.967133484567900936e+00 1.097928225000000246e+01
1.000000000000000000e+00 3.947499999999999787e+00 5.768499999999999517e+00 -2.000000000000000000e+00 0.000000000000000000e+00 8.171499999999999986e+00 6.974500000000000810e+00 -2.000000000000000000e+00 1.675486585031344362e-16 2.395799999999999841e+01 6.604000000000000981e+00 -1.999999999999999778e+00 8.881197147896173788e-16 2.414648600857337613e+01 3.327559224999999543e+01 3.529834153943758679e+01 4.864365025000000742e+01 3.164770872976682625e+01 4.361281600000003777e+01
1.000000000000000000e+00 5.163499999999999979e+00 1.019499999999999851e+00 -2.000000000000000000e+00 0.000000000000000000e+00 1.043000000000000149e+00 5.230000000000000204e-01 -2.000000000000000000e+00 -5.820582196641446002e-16 7.531000000000000583e+00 1.786000000000000032e+00 -2.000000000000000000e+00 -7.795174785104654961e-16 7.542279180384083848e-01 1.039380249999999783e+00 1.984867503429355862e-01 2.735290000000000776e-01 2.314680499314129669e+00 3.189796000000002074e+00
1.000000000000000000e+00 5.267000000000000348e+00 2.857000000000000206e+00 -2.000000000000000000e+00 0.000000000000000000e+00 3.125999999999999890e+00 3.342000000000000082e+00 -2.000000000000000000e+00 0.000000000000000000e+00 6.502000000000000668e+00 2.250000000000000888e-01 -2.000000000000000000e+00 -5.939464740793011510e-15 5.923093993141288927e+00 8.162449000000002286e+00 8.104776345679010063e+00 1.116896400000000256e+01 3.673611111111095562e-02 5.062499999999987843e-02
1.000000000000000000e+00 1.332900000000000063e+01 1.446000000000000618e+00 -2.000000000000000000e+00 -1.836011323112729749e-15 2.903000000000000025e+00 2.412999999999999812e+00 -1.999999999999999778e+00 -3.160809015555863599e-16 7.393499999999999517e+00 5.115000000000002878e-01 -2.000000000000000000e+00 2.592527294169739317e-15 1.517276493827159234e+00 2.090915999999999553e+00 4.225156379972564658e+00 5.822569000000002326e+00 1.898538549382721707e-01 2.616322500000007323e-01
1.000000000000000000e+00 6.895999999999999908e+00 9.619999999999997442e-01 -2.000000000000000000e+00 0.000000000000000000e+00 -4.159499999999999531e+00 1.024500000000000188e+00 -2.000000000000000000e+00 -1.342201419864021421e-15 1.236449999999999960e+01 3.680500000000001215e+00 -2.000000000000000000e+00 6.413310272594602594e-16 6.715498984910831526e-01 9.254439999999996003e-01 7.616440771604947590e-01 1.049600250000001234e+00 9.829734502400558682e+00 1.354608025000001525e+01
1.000000000000000000e+00 3.794000000000000039e+00 3.365000000000000213e+00 -2.000000000000000000e+00 -1.864811754911667008e-16 1.246500000000000163e+00 3.126500000000000057e+00 -2.000000000000000000e+00 0.000000000000000000e+00 2.157050000000000267e+01 8.750500000000000611e+00 -2.000000000000000000e+00 -5.938539142611957321e-16 8.216716083676267601e+00 1.132322499999999899e+01 7.093245802812068845e+00 9.775002250000001780e+00 5.556404853532237809e+01 7.657125025000004825e+01
1.000000000000000000e+00 1.373949999999999960e+01 9.574999999999995737e-01 -2.000000000000000000e+00 0.000000000000000000e+00 -1.394500000000000073e+00 1.246499999999999941e+00 -1.999999999999999778e+00 2.292943600981770217e-16 7.118000000000000327e+00 2.769999999999996909e-01 -1.999999999999999778e+00 -4.733898502769118855e-15 6.652819015775026656e-01 9.168062499999992676e-01 1.127490027777777959e+00 1.553762250000000344e+00 5.567851989026029180e-02 7.672899999999961695e-02
1.000000000000000000e+00 4.858999999999999986e+00 1.836999999999999966e+00 -2.000000000000000000e+00 -2.865515378488578706e-16 5.314000000000000057e+00 5.799999999999982947e-02 -2.000000000000000000e+00 0.000000000000000000e+00 8.227499999999999147e+00 4.450000000000020606e-02 -2.000000000000000000e+00 5.990288171296866909e-14 2.448761318244169871e+00 3.374569000000001040e+00 2.441091906721521484e-03 3.363999999999980287e-03 1.436971536351246180e-03 1.980250000000086108e-03
1.000000000000000000e+00 1.612399999999999878e+01 2.520999999999999908e+00 -2.000000000000000000e+00 9.978245499212005660e-16 4.889999999999999680e+00 1.664999999999999813e+00 -2.000000000000000000e+00 3.848464625435436209e-16 5.746000000000000441e+00 4.990000000000001101e-01 -2.000000000000000000e+00 -2.680586633305299045e-15 4.611835787379974683e+00 6.355441000000004337e+00 2.011669444444442512e+00 2.772224999999999273e+00 1.806879684499310967e-01 2.490009999999997503e-01
1.000000000000000000e+00 7.617499999999999716e+00 4.574999999999995737e-01 -2.000000000000000000e+00 0.000000000000000000e+00 -7.170999999999999375e+00 7.079999999999997407e-01 -2.000000000000000000e+00 -1.876988912072919734e-15 1.208800000000000097e+01 1.457999999999999297e+00 -2.000000000000000000e+00 -1.862691794822324832e-15 1.518834104938268093e-01 2.093062499999996384e-01 3.637430123456791287e-01 5.012640000000002649e-01 1.542563999999996049e+00 2.125763999999995768e+00
1.000000000000000000e+00 7.865499999999999936e+00 1.214500000000000135e+00 -2.000000000000000000e+00 0.000000000000000000e+00 4.554999999999999716e+00 5.365000000000000213e+00 -2.000000000000000000e+00 0.000000000000000000e+00 2.538199999999999790e+01 6.075999999999998735e+00 -2.000000000000000000e+00 8.869414255543822677e-16 1.070343514746227687e+00 1.475010250000000411e+00 2.088659262688613794e+01 2.878322500000000517e+01 2.678944239231821101e+01 3.691777599999996795e+01
1.000000000000000000e+00 9.394999999999999574e+00 1.176999999999999602e+00 -2.000000000000000000e+00 0.000000000000000000e+00 8.815000000000000613e-01 1.093500000000000139e+00 -2.000000000000000000e+00 0.000000000000000000e+00 4.889999999999999680e+00 8.109999999999999432e-01 -2.000000000000000000e+00 0.000000000000000000e+00 1.005266174211247643e+00 1.385328999999999144e+00 8.676922500000002758e-01 1.195742250000000340e+00 4.772762812071329463e-01 6.577210000000000001e-01
1.000000000000000000e+00 2.276800000000000068e+01 2.794000000000000483e+00 -2.000000000000000000e+00 0.000000000000000000e+00 2.537500000000000089e+00 2.075000000000000178e-01 -2.000000000000000000e+00 0.000000000000000000e+00 3.003499999999999837e+00 2.261499999999999844e+00 -2.000000000000000000e+00 0.000000000000000000e+00 5.664752598079561885e+00 7.806436000000002373e+00 3.124383573388203258e-02 4.305625000000000424e-02 3.711259547668037229e+00 5.114382249999998464e+00
1.000000000000000000e+00 6.905000000000000249e+00 2.527000000000000135e+00 -2.000000000000000000e+00 0.000000000000000000e+00 -4.493000000000000327e+00 1.473999999999999755e+00 -2.000000000000000000e+00 9.013451520909957644e-16 9.857499999999999929e+00 3.064999999999997726e-01 -2.000000000000000000e+00 0.000000000000000000e+00 4.633814322359396165e+00 6.385729000000000433e+00 1.576605766803839126e+00 2.172675999999998275e+00 6.816934190672142846e-02 9.394224999999985226e-02
1.000000000000000000e+00 7.328999999999999737e+00 1.764999999999999680e+00 -2.000000000000000000e+00 0.000000000000000000e+00 7.622500000000000497e+00 6.568500000000000227e+00 -2.000000000000000000e+00 0.000000000000000000e+00 2.471049999999999969e+01 2.792500000000000426e+00 -2.000000000000000000e+00 0.000000000000000000e+00 2.260567935528119854e+00 3.115224999999998801e+00 3.130837681790122318e+01 4.314519225000001512e+01 5.658671819272977466e+00 7.798056250000002798e+00
1.000000000000000000e+00 8.768999999999998352e+00 7.610000000000001208e-01 -2.000000000000000000e+00 3.463849049122478075e-15 -2.390000000000000457e-01 8.429999999999999716e-01 -2.000000000000000000e+00 0.000000000000000000e+00 6.033000000000000362e+00 9.550000000000000711e-01 -2.000000000000000000e+00 0.000000000000000000e+00 4.202400672153623340e-01 5.791209999999991087e-01 5.156835679012344853e-01 7.106489999999999752e-01 6.618123799725651457e-01 9.120250000000000856e-01
1.000000000000000000e+00 2.242849999999999966e+01 1.085499999999999687e+00 -2.000000000000000000e+00 0.000000000000000000e+00 2.221999999999999975e+00 1.059000000000000163e+00 -2.000000000000000000e+00 2.804423542159753025e-16 4.925499999999999545e+00 2.485000000000003872e-01 -1.999999999999999778e+00 5.369634018672505375e-15 8.550426917009595895e-01 1.178310249999999337e+00 8.138044567901231430e-01 1.121480999999999950e+00 4.481061762688608174e-02 6.175225000000000158e-02
1.000000000000000000e+00 7.627500000000000391e+00 1.592500000000000249e+00 -2.000000000000000000e+00 0.000000000000000000e+00 -4.375000000000000000e+00 1.166000000000000147e+00 -2.000000000000000000e+00 -5.602792847132844959e-16 8.885999999999999233e+00 1.486999999999999655e+00 -1.999999999999999778e+00 8.779113670095281493e-16 1.840293218449931656e+00 2.536056250000001011e+00 9.865639561042528483e-01 1.359556000000000875e+00 1.604538272976680613e+00 2.211168999999999940e+00
1.000000000000000000e+00 1.035200000000000031e+01 6.870000000000002771e-01 -2.000000000000000000e+00 -3.852055547116814103e-15 7.379500000000000171e+00 4.484500000000000597e+00 -2.000000000000000000e+00 0.000000000000000000e+00 2.148100000000000165e+01 6.769000000000000128e+00 -2.000000000000000000e+00 -7.331057736002919164e-16 3.424850493827152342e-01 4.719689999999993058e-01 1.459339038717421388e+01 2.011074025000000631e+01 3.324889158984912996e+01 4.581936100000002199e+01
1.000000000000000000e+00 9.393000000000000682e+00 1.400000000000023448e-02 -1.999999999999999778e+00 -1.903045962034438826e-13 2.290000000000000091e-01 1.140000000000000041e-01 -1.999999999999999778e+00 1.463611168464121461e-16 5.261000000000000121e+00 4.409999999999998366e-01 -2.000000000000000000e+00 0.000000000000000000e+00 1.422277091906980618e-04 1.960000000000277764e-04 9.430567901234570422e-03 1.299600000000000408e-02 1.411254444444443035e-01 1.944809999999998762e-01
1.000000000000000000e+00 2.106000000000000227e+01 1.919999999999999929e+00 -2.000000000000000000e+00 -2.823443157514334595e-15 2.846999999999999975e+00 2.869999999999999218e-01 -2.000000000000000000e+00 0.000000000000000000e+00 2.552000000000000046e+00 1.743999999999999995e+00 -2.000000000000000000e+00 2.511609019918869089e-16 2.675041975308646958e+00 3.686400000000005228e+00 5.977119478737992486e-02 8.236899999999998390e-02 2.207095396433470302e+00 3.041536000000000239e+00
1.000000000000000000e+00 5.728500000000000369e+00 2.950000000000008171e-02 -2.000000000000000000e+00 -4.520170563644313486e-14 -3.617499999999999716e+00 5.414999999999998703e-01 -2.000000000000000000e+00 -1.136235129003901774e-15 5.794999999999999929e+00 7.139999999999999680e-01 -1.999999999999999778e+00 1.830066389095029848e-15 6.314982853223404923e-04 8.702499999999824742e-04 2.127771882716049945e-01 2.932222500000000731e-01 3.699342716049386359e-01 5.097960000000005820e-01
