3.000000000000000000e+00 2.549500000000000099e+00 9.524999999999999023e-01 -2.000000000000000000e+00 -6.423700455614125012e-16 -3.735000000000000542e-01 6.625000000000000888e-01 -2.000000000000000000e+00 2.863609835340986342e-16 9.256999999999999673e+00 8.979999999999996874e-01 -2.000000000000000000e+00 0.000000000000000000e+00 6.583519290123458489e-01 9.072562500000003194e-01 3.184930126886145740e-01 4.389062500000001643e-01 5.851683347050748996e-01 8.064039999999994546e-01
3.000000000000000000e+00 6.859999999999999432e-01 8.969999999999999085e-01 -1.999999999999999778e+00 2.307406755142047866e-16 3.009500000000000064e+00 3.425000000000000266e-01 -2.000000000000000000e+00 -1.986124002918198522e-15 9.735500000000000043e+00 8.595000000000005969e-01 -2.000000000000000000e+00 0.000000000000000000e+00 5.838657901234565184e-01 8.046089999999999076e-01 8.512346536351153570e-02 1.173062499999998898e-01 5.360680277777782887e-01 7.387402500000010974e-01
3.000000000000000000e+00 6.610000000000000320e-01 5.909999999999999698e-01 -2.000000000000000000e+00 0.000000000000000000e+00 6.935000000000000053e-01 1.349999999999995648e-02 -2.000000000000000000e+00 0.000000000000000000e+00 9.105999999999999872e+00 4.909999999999996589e-01 -2.000000000000000000e+00 0.000000000000000000e+00 2.534563086419752698e-01 3.492809999999999526e-01 1.322499999999990946e-04 1.822499999999988463e-04 1.749408079561039775e-01 2.410809999999996567e-01
3.000000000000000000e+00 2.041500000000000092e+00 3.350000000000008527e-02 -2.000000000000000000e+00 0.000000000000000000e+00 -2.450000000000000233e-01 4.290000000000000480e-01 -2.000000000000000000e+00 0.000000000000000000e+00 1.140950000000000131e+01 2.625000000000001776e-01 -1.999999999999999778e+00 -1.016595534912137942e-14 8.143624828532275688e-04 1.122250000000005838e-03 1.335496419753086639e-01 1.840410000000000379e-01 5.000192901234613158e-02 6.890625000000050182e-02
3.000000000000000000e+00 3.288000000000000256e+00 5.499999999999993783e-02 -2.000000000000000000e+00 -1.213719937643431420e-14 4.266999999999999460e+00 1.202999999999999847e+00 -2.000000000000000000e+00 1.084082338666466167e-15 1.027100000000000080e+01 1.869000000000000661e+00 -1.999999999999999778e+00 -1.428438712904926671e-15 2.195096021947847732e-03 3.024999999999972156e-03 1.050169493827160849e+00 1.447209000000000856e+00 2.534817790123460757e+00 3.493161000000006400e+00
3.000000000000000000e+00 1.561499999999999888e+00 5.204999999999999627e-01 -2.000000000000000000e+00 0.000000000000000000e+00 6.192000000000000171e+00 7.640000000000002345e-01 -2.000000000000000000e+00 0.000000000000000000e+00 3.403000000000000469e+00 8.240000000000000657e-01 -1.999999999999999778e+00 -8.929787176824163943e-16 1.965937067901233903e-01 2.709202499999999736e-01 4.235599231824418998e-01 5.836960000000003257e-01 4.927000054869686285e-01 6.789760000000005791e-01
3.000000000000000000e+00 -6.313499999999999446e+00 6.034999999999999254e-01 -1.999999999999999778e+00 -2.272955432528297420e-15 3.344999999999999751e+00 2.032000000000000028e+00 -2.000000000000000000e+00 0.000000000000000000e+00 -2.273500000000000298e+00 9.465000000000001190e-01 -2.000000000000000000e+00 6.546638787103135555e-16 2.642911937585737392e-01 3.642122500000003482e-01 2.996232779149519576e+00 4.129024000000000250e+00 6.500838549382711440e-01 8.958622499999997491e-01
3.000000000000000000e+00 -9.951499999999999346e+00 9.174999999999995381e-01 -2.000000000000000444e+00 -2.874895126795990477e-15 -6.538999999999999702e+00 2.109999999999998543e-01 -2.000000000000000000e+00 -6.278585416819813132e-15 -1.080000000000000404e-01 8.049999999999999378e-01 -2.000000000000000000e+00 0.000000000000000000e+00 6.108580332647469691e-01 8.418062500000005333e-01 3.230673388203028629e-02 4.452100000000010216e-02 4.702403635116597092e-01 6.480249999999998511e-01
3.000000000000000000e+00 -1.523000000000000043e+01 8.440000000000011937e-01 -2.000000000000000000e+00 0.000000000000000000e+00 -2.032150000000000034e+01 4.671499999999999098e+00 -1.999999999999999778e+00 5.575850632426537287e-16 1.011299999999999955e+01 5.960000000000000853e-01 -2.000000000000000000e+00 0.000000000000000000e+00 5.169077421124842475e-01 7.123360000000020786e-01 1.583583069993139425e+01 2.182291224999998747e+01 2.577630507544581562e-01 3.552160000000001427e-01
3.000000000000000000e+00 1.310200000000000031e+01 6.091999999999999638e+00 -2.000000000000000000e+00 -5.028407928132660899e-16 -8.177999999999999048e+00 9.352999999999999758e+00 -2.000000000000000000e+00 0.000000000000000000e+00 5.884999999999999121e-01 5.755000000000000115e-01 -2.000000000000000000e+00 2.912354586106401327e-16 2.693071804663921043e+01 3.711246399999998857e+01 6.347899061865567205e+01 8.747860900000000584e+01 2.403359838820301186e-01 3.312002500000000849e-01
3.000000000000000000e+00 7.919999999999999929e+00 1.525999999999999801e+00 -2.000000000000000000e+00 0.000000000000000000e+00 1.303849999999999909e+01 1.584999999999991971e-01 -1.999999999999999778e+00 1.677270797537783905e-14 5.135499999999999510e+00 2.605500000000000149e+00 -2.000000000000000000e+00 2.008570017748849687e-16 1.689807412894374750e+00 2.328675999999999746e+00 1.823000034293510013e-02 2.512224999999950956e-02 4.926180249999997152e+00 6.788630250000000643e+00
3.000000000000000000e+00 2.358999999999999986e+00 5.900000000000016342e-02 -2.000000000000000000e+00 0.000000000000000000e+00 8.878500000000000725e+00 1.449999999999995737e-02 -2.000000000000000000e+00 0.000000000000000000e+00 2.013500000000000068e+00 3.664999999999999369e-01 -2.000000000000000000e+00 -9.161818139688947987e-16 2.525993141289451308e-03 3.481000000000019235e-03 1.525682441700950927e-04 2.102499999999987680e-04 9.747115260631003530e-02 1.343222500000000319e-01
3.000000000000000000e+00 1.544500000000000206e+00 1.985000000000000098e-01 -1.999999999999999778e+00 -1.774347624928905058e-15 8.899000000000000909e+00 6.500000000000039080e-02 -2.000000000000000000e+00 -4.095984538748076402e-14 1.796499999999999986e+00 6.135000000000000453e-01 -1.999999999999999778e+00 5.409025776587286776e-16 2.859230486968453167e-02 3.940225000000004835e-02 3.065877914951926561e-03 4.224999999999952752e-03 2.731223734567902461e-01 3.763822500000001958e-01
3.000000000000000000e+00 3.538999999999999702e+00 3.579999999999998184e-01 -1.999999999999999778e+00 1.814773434641065799e-15 9.410499999999998977e+00 5.650000000000066080e-02 -2.000000000000000000e+00 4.718832767140502929e-14 3.802500000000000213e+00 4.494999999999997886e-01 -2.000000000000000000e+00 -1.528027444677161010e-15 9.300240877914957294e-02 1.281640000000000557e-01 2.316461248285290458e-03 3.192249999999989367e-03 1.466180826474619281e-01 2.020502499999996815e-01
3.000000000000000000e+00 4.308500000000000441e+00 1.460500000000000131e+00 -1.999999999999999778e+00 -9.265714062301951835e-16 8.705999999999999517e+00 9.370000000000002771e-01 -2.000000000000000000e+00 2.834071168073901542e-15 4.881999999999999673e+00 1.469999999999997975e-01 -1.999999999999999778e+00 9.079039499513945127e-15 1.547858535322360396e+00 2.133060250000001545e+00 6.370995898491099707e-01 8.779690000000018868e-01 1.568060493827166599e-02 2.160900000000005525e-02
3.000000000000000000e+00 2.298999999999999932e+00 6.800000000000000488e-01 -1.999999999999999778e+00 4.413605424325276796e-16 8.842999999999999972e+00 2.729999999999996874e-01 -2.000000000000000000e+00 0.000000000000000000e+00 2.924000000000000377e+00 7.720000000000000195e-01 -2.000000000000000000e+00 -8.445519580549749174e-16 3.355412894375855992e-01 4.623999999999999222e-01 5.408208641975295605e-02 7.452899999999981762e-02 4.324767297668040134e-01 5.959840000000004023e-01
3.000000000000000000e+00 6.394000000000000128e+00 1.016000000000000014e+00 -2.000000000000000000e+00 0.000000000000000000e+00 1.021799999999999997e+01 2.119999999999997442e-01 -2.000000000000000000e+00 0.000000000000000000e+00 3.486500000000000377e+00 2.575000000000000622e-01 -2.000000000000000000e+00 -2.641629486619626483e-15 7.490581947873798940e-01 1.032256000000000062e+00 3.261368449931403846e-02 4.494399999999989376e-02 4.811523491083687792e-02 6.630625000000013591e-02
3.000000000000000000e+00 -2.550999999999999712e+00 1.979999999999999760e+00 -2.000000000000000000e+00 -1.144207120305345904e-16 3.974000000000000199e+00 3.020999999999999908e+00 -1.999999999999999556e+00 -1.932855072371112173e-16 7.624999999999999556e-01 6.674999999999999822e-01 -2.000000000000000000e+00 0.000000000000000000e+00 2.844844444444443621e+00 3.920400000000001217e+00 6.622616308641975813e+00 9.126441000000001580e+00 3.233185956790122773e-01 4.455562499999999870e-01
3.000000000000000000e+00 -3.775500000000000078e+00 1.671499999999999986e+00 -2.000000000000000000e+00 0.000000000000000000e+00 -2.219500000000000028e+00 2.025000000000001243e-01 -2.000000000000000000e+00 0.000000000000000000e+00 5.275999999999999801e+00 8.919999999999999041e-01 -2.000000000000000000e+00 1.407855805712817209e-15 2.027406831618655314e+00 2.793912249999999986e+00 2.975625000000003267e-02 4.100625000000004960e-02 5.773748367626890809e-01 7.956640000000004820e-01
3.000000000000000000e+00 -5.276500000000000412e+00 5.384999999999999787e-01 -2.000000000000000000e+00 0.000000000000000000e+00 -6.225999999999999979e+00 1.619999999999999218e-01 -2.000000000000000000e+00 0.000000000000000000e+00 9.801999999999999602e+00 3.099999999999969447e-02 -2.000000000000000000e+00 8.597991448749890512e-14 2.104260771604938018e-01 2.899822499999999970e-01 1.904399999999997761e-02 2.624399999999997568e-02 6.973511659807348243e-04 9.609999999999343460e-04
3.000000000000000000e+00 -5.294000000000000483e+00 9.419999999999997264e-01 -2.000000000000000000e+00 1.460999968560324589e-15 -1.432150000000000034e+01 2.462499999999999467e+00 -1.999999999999999778e+00 1.070641329854849530e-15 2.165650000000000119e+01 1.724999999999994316e-01 -2.000000000000000000e+00 0.000000000000000000e+00 6.439170864197533151e-01 8.873640000000004857e-01 4.400283136145398011e+00 6.063906249999993392e+00 2.159266975308626879e-02 2.975624999999980716e-02
3.000000000000000000e+00 7.160499999999999865e+00 3.507499999999999396e+00 -1.999999999999999778e+00 -1.646634326569709160e-16 -1.084950000000000081e+01 4.803499999999999659e+00 -2.000000000000000000e+00 2.564347104598163205e-16 1.036150000000000126e+01 7.610500000000000931e+00 -2.000000000000000000e+00 -3.223893069057458786e-16 8.927369350137169590e+00 1.230255624999999675e+01 1.674340312791495222e+01 2.307361225000000715e+01 4.202952911145406034e+01 5.791971025000003692e+01
3.000000000000000000e+00 9.870499999999999829e+00 2.878500000000000281e+00 -1.999999999999999778e+00 4.468716068168723981e-16 1.352749999999999986e+01 1.448500000000000121e+00 -1.999999999999999778e+00 1.753460425462354947e-15 -1.856000000000000094e+00 1.372999999999999998e+00 -2.000000000000000000e+00 2.573652270747013714e-16 6.012576447530861401e+00 8.285762250000001217e+00 1.522527490054867316e+00 2.098152249999998276e+00 1.367946832647462418e+00 1.885129000000000943e+00
3.000000000000000000e+00 5.050499999999999545e+00 3.284999999999995701e-01 -2.000000000000000000e+00 4.012711961314239232e-15 8.566500000000001336e+00 2.850000000000019185e-02 -1.999999999999999778e+00 -9.337839254800910074e-14 -2.770000000000000018e+00 3.830000000000000071e-01 -2.000000000000000000e+00 0.000000000000000000e+00 7.830669444444397775e-02 1.079122499999994739e-01 5.894104938272115004e-04 8.122500000000540312e-04 1.064451042524005436e-01 1.466889999999999861e-01
3.000000000000000000e+00 2.517500000000000071e+00 5.825000000000000178e-01 -2.000000000000000000e+00 0.000000000000000000e+00 8.288499999999999091e+00 1.764999999999998792e-01 -2.000000000000000000e+00 1.506501271553945635e-14 -2.108999999999999986e+00 3.669999999999999929e-01 -2.000000000000000000e+00 0.000000000000000000e+00 2.462181155692728940e-01 3.393062500000000870e-01 2.260567935528090197e-02 3.115224999999969407e-02 9.773728532235935462e-02 1.346890000000000309e-01
3.000000000000000000e+00 3.661000000000000032e+00 6.700000000000017053e-02 -2.000000000000000000e+00 0.000000000000000000e+00 9.259000000000000341e+00 3.269999999999999574e-01 -2.000000000000000000e+00 0.000000000000000000e+00 -1.675499999999999989e+00 3.849999999999997868e-02 -2.000000000000000000e+00 0.000000000000000000e+00 3.257449931412910275e-03 4.489000000000023353e-03 7.759319753086417470e-02 1.069289999999999824e-01 1.075597050754456812e-03 1.482249999999998326e-03
3.000000000000000000e+00 5.532000000000000028e+00 4.509999999999996234e-01 -2.000000000000000000e+00 0.000000000000000000e+00 1.108800000000000097e+01 5.959999999999991971e-01 -2.000000000000000000e+00 -4.457489987240710278e-15 -7.554999999999999494e-01 3.154999999999999472e-01 -2.000000000000000000e+00 -2.209490590647309408e-16 1.475982565157747672e-01 2.034009999999996932e-01 2.577630507544564908e-01 3.552159999999981443e-01 7.223153943758568729e-02 9.954024999999998291e-02
3.000000000000000000e+00 5.092500000000000249e+00 1.059499999999999886e+00 -2.000000000000000000e+00 0.000000000000000000e+00 1.100300000000000011e+01 1.230999999999999872e+00 -2.000000000000000000e+00 0.000000000000000000e+00 4.420000000000000040e-01 5.129999999999999005e-01 -2.000000000000000000e+00 -4.111763611816903374e-16 8.145731032235935531e-01 1.122540250000000128e+00 1.099624100137173599e+00 1.515360999999999958e+00 1.909689999999998888e-01 2.631689999999999863e-01
3.000000000000000000e+00 -9.450000000000002842e-02 1.727500000000000036e+00 -2.000000000000000000e+00 0.000000000000000000e+00 6.099000000000000199e+00 2.439999999999997726e-01 -2.000000000000000000e+00 0.000000000000000000e+00 -3.487000000000000099e+00 9.839999999999999858e-01 -2.000000000000000000e+00 0.000000000000000000e+00 2.165530255486967981e+00 2.984256250000000499e+00 4.320239231824407611e-02 5.953599999999988762e-02 7.026164938271601823e-01 9.682560000000002276e-01
3.000000000000000000e+00 -1.356999999999999984e+00 1.197999999999999954e+00 -1.999999999999999778e+00 -2.582853460632805207e-16 7.407500000000000639e+00 1.068500000000000227e+00 -2.000000000000000000e+00 0.000000000000000000e+00 -4.931000000000000050e+00 3.300000000000000711e-01 -2.000000000000000000e+00 0.000000000000000000e+00 1.041458046639231361e+00 1.435204000000000146e+00 8.284707822359398399e-01 1.141692250000000408e+00 7.902345679012347246e-02 1.089000000000000523e-01
3.000000000000000000e+00 -1.721499999999999808e+00 7.964999999999998748e-01 -1.999999999999999778e+00 -4.394231015003815748e-16 5.991500000000000270e+00 3.448499999999999677e+00 -2.000000000000000000e+00 -3.465209596696777912e-16 -2.012500000000000178e+00 1.075500000000000123e+00 -2.000000000000000000e+00 2.677319741717919486e-16 4.603622499999999729e-01 6.344122499999998999e-01 8.629559040123455205e+00 1.189215225000000231e+01 8.393613611111110373e-01 1.156700250000000318e+00
3.000000000000000000e+00 -7.200999999999999623e+00 1.939999999999999503e-01 -2.000000000000000000e+00 0.000000000000000000e+00 -7.286000000000000476e+00 2.431000000000000050e+00 -2.000000000000000000e+00 0.000000000000000000e+00 4.999999999999449329e-04 1.336500000000000021e+00 -2.000000000000000000e+00 0.000000000000000000e+00 2.731062277091905049e-02 3.763599999999998197e-02 4.288427392318244102e+00 5.909760999999999598e+00 1.296182249999999536e+00 1.786232250000000077e+00
3.000000000000000000e+00 -4.042999999999999261e+00 6.499999999999999112e-01 -1.999999999999999778e+00 -2.021343695266558023e-15 -1.058599999999999852e+01 4.919999999999999929e-01 -2.000000000000000000e+00 -5.418485149188626091e-15 6.107999999999999652e+00 1.669999999999999929e+00 -2.000000000000000000e+00 0.000000000000000000e+00 3.065877914951992134e-01 4.225000000000004863e-01 1.756541234567908505e-01 2.420640000000007508e-01 2.023769684499313382e+00 2.788899999999999935e+00
3.000000000000000000e+00 -6.448999999999999844e+00 8.079999999999998295e-01 -2.000000000000000000e+00 0.000000000000000000e+00 -1.233549999999999969e+01 2.848499999999999588e+00 -2.000000000000000000e+00 0.000000000000000000e+00 9.400000000000000355e+00 1.221999999999999531e+00 -2.000000000000000000e+00 0.000000000000000000e+00 4.737517914951986375e-01 6.528639999999997778e-01 5.887902249999996229e+00 8.113952249999998756e+00 1.083603890260629976e+00 1.493283999999998946e+00
3.000000000000000000e+00 -1.663999999999999702e+00 5.480999999999999872e+00 -2.000000000000000000e+00 0.000000000000000000e+00 -2.696849999999999881e+01 2.035500000000000753e+00 -1.999999999999999778e+00 -2.738168970440772351e-15 1.764300000000000068e+01 4.049999999999993605e-01 -2.000000000000000000e+00 -1.316120708627772320e-14 2.179956099999999708e+01 3.004136099999999843e+01 3.006563336419748378e+00 4.143260249999998202e+00 1.190249999999983960e-01 1.640249999999982555e-01
3.000000000000000000e+00 2.072400000000000020e+01 5.419000000000000483e+00 -2.000000000000000000e+00 0.000000000000000000e+00 1.213100000000000023e+01 1.293000000000000149e+00 -2.000000000000000000e+00 -2.054350993827507124e-15 -1.625000000000000333e-01 1.155499999999999972e+00 -2.000000000000000000e+00 0.000000000000000000e+00 2.130916566392317790e+01 2.936556100000001024e+01 1.213179864197528879e+00 1.671848999999998586e+00 9.688756546639228917e-01 1.335180250000000068e+00
3.000000000000000000e+00 4.998499999999999943e+00 5.395000000000003126e-01 -2.000000000000000000e+00 0.000000000000000000e+00 8.512000000000000455e+00 4.880000000000004334e-01 -1.999999999999999778e+00 -5.493113953847797563e-15 -1.019499999999999851e+00 6.624999999999999778e-01 -1.999999999999999778e+00 -4.772683058901645218e-16 2.112083295610426847e-01 2.910602500000003534e-01 1.728095692729776645e-01 2.381440000000011603e-01 3.184930126886143520e-01 4.389062499999998868e-01
3.000000000000000000e+00 4.102500000000000036e+00 2.264999999999999236e-01 -2.000000000000000000e+00 -2.911120939591713293e-15 8.257500000000000284e+00 1.849999999999951683e-02 -2.000000000000000000e+00 0.000000000000000000e+00 -9.419999999999999485e-01 3.620000000000000440e-01 -2.000000000000000000e+00 -4.388193706884009621e-16 3.722755864197518916e-02 5.130224999999988267e-02 2.483542524005356400e-04 3.422499999999822169e-04 9.509228532235936004e-02 1.310439999999999938e-01
3.000000000000000000e+00 5.341499999999999915e+00 1.844999999999998863e-01 -2.000000000000000000e+00 0.000000000000000000e+00 8.602000000000000313e+00 1.570000000000000284e-01 -2.000000000000000000e+00 0.000000000000000000e+00 -1.294000000000000039e+00 6.200000000000005507e-02 -2.000000000000000000e+00 0.000000000000000000e+00 2.470136111111107674e-02 3.404024999999995943e-02 1.788658573388203152e-02 2.464900000000001118e-02 2.789404663923187363e-03 3.844000000000006700e-03
3.000000000000000000e+00 6.535500000000000753e+00 5.584999999999999964e-01 -2.000000000000000000e+00 -2.389857275113556373e-15 7.731500000000000483e+00 4.850000000000020961e-02 -1.999999999999999778e+00 -2.750084673594935561e-14 -1.945000000000000062e-01 1.355000000000000093e-01 -2.000000000000000000e+00 0.000000000000000000e+00 2.263468727709186112e-01 3.119222499999995679e-01 1.706913923182492481e-03 2.352250000000057420e-03 1.332314437585733688e-02 1.836025000000000504e-02
3.000000000000000000e+00 9.389499999999999957e+00 5.564999999999997726e-01 -2.000000000000000000e+00 0.000000000000000000e+00 9.771499999999999631e+00 4.655000000000004690e-01 -2.000000000000000000e+00 0.000000000000000000e+00 2.965000000000000413e-01 2.555000000000000049e-01 -2.000000000000000000e+00 -3.120173881602149644e-16 2.247286697530861965e-01 3.096922499999997802e-01 1.572416217421127860e-01 2.166902500000004450e-01 4.737071639231823367e-02 6.528025000000001188e-02
3.000000000000000000e+00 6.608499999999999375e+00 1.079499999999999904e+00 -1.999999999999999778e+00 1.235578451161275962e-15 8.755499999999999616e+00 5.425000000000004263e-01 -2.000000000000000000e+00 0.000000000000000000e+00 6.750000000000000444e-02 4.649999999999999967e-02 -2.000000000000000000e+00 0.000000000000000000e+00 8.456164777091894624e-01 1.165320249999998836e+00 2.135637945816189487e-01 2.943062500000004911e-01 1.569040123456789775e-03 2.162249999999999676e-03
3.000000000000000000e+00 3.068999999999999950e+00 4.020000000000001350e-01 -2.000000000000000000e+00 0.000000000000000000e+00 7.561999999999999389e+00 3.069999999999999396e-01 -2.000000000000000000e+00 4.316657841670916863e-15 -1.495000000000000107e+00 8.110000000000000542e-01 -2.000000000000000000e+00 3.122043330047675731e-16 1.172681975308642738e-01 1.616040000000001087e-01 6.839193552812045107e-02 9.424899999999972189e-02 4.772762812071330019e-01 6.577210000000001111e-01
3.000000000000000000e+00 1.219500000000000028e+00 7.165000000000000258e-01 -2.000000000000000000e+00 -3.018294731216001692e-16 8.304000000000000270e+00 4.629999999999996341e-01 -1.999999999999999778e+00 -2.866362614869849212e-15 -1.366999999999999993e+00 2.399999999999999911e-01 -2.000000000000000000e+00 0.000000000000000000e+00 3.725293830589847532e-01 5.133722499999999744e-01 1.555572030178320464e-01 2.143689999999993656e-01 4.179753086419751851e-02 5.759999999999998455e-02
3.000000000000000000e+00 -1.174500000000000099e+00 1.615000000000000879e-01 -2.000000000000000000e+00 2.059124851704455997e-15 7.265499999999999403e+00 3.885000000000000675e-01 -1.999999999999999778e+00 3.431746312085396081e-15 -2.598500000000000032e+00 9.385000000000000009e-01 -2.000000000000000000e+00 3.357742653793170633e-16 1.892662585733886557e-02 2.608225000000006372e-02 1.095242253086417122e-01 1.509322499999997680e-01 6.391410291495196461e-01 8.807822499999997667e-01
3.000000000000000000e+00 -4.877000000000000668e+00 1.399999999999979039e-02 -2.000000000000000000e+00 9.507512673262980566e-14 -7.323999999999999844e+00 2.798000000000000043e+00 -2.000000000000000000e+00 0.000000000000000000e+00 -1.835500000000000131e+00 3.050000000000008260e-02 -2.000000000000000000e+00 1.092652014732762233e-14 1.422277091906784378e-04 1.960000000000047642e-04 5.680983972565157636e+00 7.828804000000000762e+00 6.750373799725744228e-04 9.302500000000107124e-04
3.000000000000000000e+00 -8.674500000000000099e+00 1.585000000000000853e-01 -2.000000000000000000e+00 0.000000000000000000e+00 -1.220850000000000080e+01 1.447500000000000675e+00 -1.999999999999999778e+00 1.903521805820582073e-15 4.053499999999999659e+00 1.934999999999999776e-01 -1.999999999999999778e+00 3.471805205568852313e-15 1.823000034293554075e-02 2.512225000000003344e-02 1.520426003086422950e+00 2.095256250000004705e+00 2.717002777777770620e-02 3.744224999999992698e-02
3.000000000000000000e+00 -8.608000000000000540e+00 1.379999999999999005e-01 -2.000000000000000000e+00 0.000000000000000000e+00 -2.419400000000000261e+01 3.657999999999999474e+00 -1.999999999999999778e+00 1.451640580516265041e-15 1.178700000000000081e+01 1.544999999999999929e+00 -2.000000000000000000e+00 0.000000000000000000e+00 1.381930864197528606e-02 1.904399999999997414e-02 9.709917635116580570e+00 1.338096399999998631e+01 1.732148456790122859e+00 2.387024999999999952e+00
3.000000000000000000e+00 1.365349999999999930e+01 5.557499999999999218e+00 -2.000000000000000000e+00 0.000000000000000000e+00 -8.300000000000000711e+00 1.006700000000000017e+01 -2.000000000000000000e+00 0.000000000000000000e+00 1.450000000000017941e-02 3.294500000000000206e+00 -2.000000000000000000e+00 0.000000000000000000e+00 2.241233402777776718e+01 3.088580624999999102e+01 7.354078831412893180e+01 1.013444890000000100e+02 7.876026477709190843e+00 1.085373024999999991e+01
3.000000000000000000e+00 9.641000000000000014e+00 2.900000000000000355e+00 -2.000000000000000000e+00 0.000000000000000000e+00 1.198499999999999943e+01 1.447000000000000064e+00 -1.999999999999999778e+00 1.905495730799092313e-15 -1.104999999999999871e-01 9.014999999999999680e-01 -2.000000000000000000e+00 0.000000000000000000e+00 6.102729766803840938e+00 8.410000000000001918e+00 1.519375803840875783e+00 2.093808999999997589e+00 5.897386697530861976e-01 8.127022500000000704e-01
4.000000000000000000e+00 -4.430000000000000049e-01 9.500000000000002887e-02 -2.000000000000000000e+00 0.000000000000000000e+00 1.199999999999999956e-01 6.600000000000000311e-02 -2.000000000000000000e+00 0.000000000000000000e+00 9.900500000000000966e+00 8.500000000000618172e-03 -2.000000000000000000e+00 -3.135211509427252520e-13 6.549005486968451778e-03 9.025000000000006975e-03 3.160938271604937615e-03 4.356000000000001364e-03 5.242832647461751589e-05 7.224999999999766331e-05
4.000000000000000000e+00 -4.199999999999999567e-02 2.030000000000000138e-01 -2.000000000000000000e+00 0.000000000000000000e+00 -1.605000000000000038e-01 2.765000000000000235e-01 -2.000000000000000000e+00 2.461875597872021167e-16 9.484500000000000597e+00 6.085000000000002629e-01 -2.000000000000000000e+00 -4.373174870267917608e-15 2.990337585733882086e-02 4.120900000000000257e-02 5.547769581618652163e-02 7.645224999999999937e-02 2.686886423182433536e-01 3.702722499999994143e-01
4.000000000000000000e+00 1.465500000000000025e+00 4.415000000000000036e-01 -2.000000000000000000e+00 0.000000000000000000e+00 5.530000000000000471e-01 1.120000000000000107e+00 -2.000000000000000000e+00 0.000000000000000000e+00 6.124500000000000277e+00 1.990499999999999936e+00 -2.000000000000000000e+00 0.000000000000000000e+00 1.414456382030178094e-01 1.949222499999999914e-01 9.102573388203017979e-01 1.254400000000000404e+00 2.875097040123456349e+00 3.962090249999999703e+00
4.000000000000000000e+00 1.891500000000000181e+00 8.750000000000002220e-02 -1.999999999999999778e+00 -3.803242139750897702e-15 -1.867499999999999938e+00 1.374999999999999556e-01 -2.000000000000000000e+00 0.000000000000000000e+00 5.838499999999999801e+00 6.044999999999998153e-01 -2.000000000000000000e+00 0.000000000000000000e+00 5.555769890260615559e-03 7.656249999999988586e-03 1.371935013717419730e-02 1.890624999999998904e-02 2.651677808641972334e-01 3.654202499999998355e-01
4.000000000000000000e+00 3.987499999999999822e+00 5.804999999999997939e-01 -2.000000000000000000e+00 0.000000000000000000e+00 -6.834999999999999964e+00 9.429999999999996163e-01 -2.000000000000000000e+00 0.000000000000000000e+00 6.659499999999999531e+00 1.824999999999996625e-01 -2.000000000000000000e+00 7.206145585356259608e-15 2.445302499999997548e-01 3.369802499999997591e-01 6.452849396433464335e-01 8.892489999999990680e-01 2.416873285322363937e-02 3.330625000000001640e-02
4.000000000000000000e+00 7.846000000000000085e+00 2.309999999999998721e-01 -2.000000000000000000e+00 0.000000000000000000e+00 -1.136950000000000038e+01 9.094999999999995310e-01 -2.000000000000000000e+00 0.000000000000000000e+00 2.989500000000000046e+00 4.500000000000170530e-03 -2.000000000000000000e+00 0.000000000000000000e+00 3.872149382716044697e-02 5.336099999999994320e-02 6.002519098079552862e-01 8.271902499999992386e-01 1.469444444444555473e-05 2.025000000000153576e-05
4.000000000000000000e+00 6.778999999999999915e+00 8.060000000000000497e-01 -2.000000000000000000e+00 0.000000000000000000e+00 -1.551449999999999996e+01 7.705000000000001847e-01 -2.000000000000000000e+00 0.000000000000000000e+00 1.707000000000000073e+00 1.800000000000001599e-02 -2.000000000000000000e+00 0.000000000000000000e+00 4.714093882030177540e-01 6.496360000000002133e-01 4.307977534293554456e-01 5.936702500000001770e-01 2.351111111111114471e-04 3.240000000000006113e-04
4.000000000000000000e+00 2.331999999999999851e+00 1.049999999999999822e-01 -2.000000000000000000e+00 0.000000000000000000e+00 -7.490000000000000213e+00 8.729999999999997762e-01 -2.000000000000000000e+00 1.501792766318028987e-15 6.365000000000000657e-01 2.350000000000002087e-02 -2.000000000000000000e+00 -7.114153222366411587e-15 8.000308641975303892e-03 1.102499999999999661e-02 5.530401111111112877e-01 7.621290000000003895e-01 4.007410836762716720e-04 5.522500000000032591e-04
4.000000000000000000e+00 2.320000000000000284e+00 2.039999999999999591e-01 -2.000000000000000000e+00 -3.269337351352059150e-15 -7.083999999999999631e+00 6.259999999999998899e-01 -2.000000000000000000e+00 -2.149714767213437508e-15 1.052000000000000046e+00 1.119999999999999885e-01 -2.000000000000000000e+00 -2.932512025843971151e-15 3.019871604938261997e-02 4.161599999999991001e-02 2.843654375857341821e-01 3.918760000000003907e-01 9.102573388202991542e-03 1.254399999999997878e-02
4.000000000000000000e+00 3.138500000000000068e+00 7.949999999999990408e-02 -2.000000000000000000e+00 0.000000000000000000e+00 -9.372499999999998721e+00 4.150000000000009237e-02 -2.000000000000000000e+00 -6.418516604720652360e-14 1.082500000000000018e+00 1.054999999999999827e-01 -2.000000000000000000e+00 -1.569646354204950916e-15 4.586299382716036224e-03 6.320249999999986469e-03 1.249753429355349166e-03 1.722250000000070513e-03 8.076683470507550755e-03 1.113025000000000819e-02
4.000000000000000000e+00 3.060000000000000053e+00 2.980000000000000426e-01 -2.000000000000000000e+00 0.000000000000000000e+00 -1.033999999999999986e+01 6.700000000000017053e-02 -2.000000000000000000e+00 0.000000000000000000e+00 7.474999999999999423e-01 3.215000000000000080e-01 -2.000000000000000000e+00 2.088080873733390476e-16 6.444076268861453904e-02 8.880400000000003569e-02 3.257449931412910275e-03 4.489000000000023353e-03 7.500497976680382817e-02 1.033622500000000166e-01
4.000000000000000000e+00 2.893499999999999961e+00 3.149999999999986144e-02 -2.000000000000000000e+00 0.000000000000000000e+00 -1.072250000000000014e+01 3.145000000000006679e-01 -2.000000000000000000e+00 0.000000000000000000e+00 1.389999999999999902e+00 1.129999999999999893e-01 -2.000000000000000000e+00 0.000000000000000000e+00 7.200277777777712614e-04 9.922499999999916196e-04 7.177437894375886251e-02 9.891025000000042144e-02 9.265844993141286734e-03 1.276899999999999910e-02
4.000000000000000000e+00 2.092000000000000082e+00 3.030000000000000471e-01 -2.000000000000000000e+00 -1.122470343441257406e-15 -9.656499999999999417e+00 3.315000000000001279e-01 -2.000000000000000000e+00 0.000000000000000000e+00 8.694999999999999396e-01 4.650000000000004130e-02 -2.000000000000000000e+00 3.571965877199525142e-15 6.662134567901240034e-02 9.180900000000009886e-02 7.974348456790127104e-02 1.098922500000001079e-01 1.569040123456797147e-03 2.162250000000008349e-03
4.000000000000000000e+00 1.518000000000000016e+00 1.000000000000000888e-02 -2.000000000000000000e+00 0.000000000000000000e+00 -8.756499999999999062e+00 3.965000000000005187e-01 -1.999999999999999778e+00 -6.623348973502169311e-15 9.114999999999999769e-01 1.174999999999999378e-01 -2.000000000000000000e+00 0.000000000000000000e+00 7.256515775034304207e-05 1.000000000000001945e-04 1.140813172153643945e-01 1.572122500000009970e-01 1.001852709190670897e-02 1.380624999999998520e-02
4.000000000000000000e+00 1.613999999999999879e+00 2.329999999999999849e-01 -1.999999999999999778e+00 1.439964521283327211e-15 -1.049650000000000105e+01 6.499999999999950262e-03 -2.000000000000000000e+00 4.099261634811814147e-13 1.342000000000000082e+00 4.900000000000004352e-02 -2.000000000000000000e+00 -6.796480226844745220e-15 3.939489849108362279e-02 5.428899999999995535e-02 3.065877914950957664e-05 4.224999999998952087e-05 1.742289437585727583e-03 2.400999999999995152e-03
4.000000000000000000e+00 1.415499999999999980e+00 5.074999999999999512e-01 -2.000000000000000000e+00 3.185175435874793154e-16 -9.862000000000000099e+00 2.430000000000003268e-01 -2.000000000000000000e+00 0.000000000000000000e+00 8.074999999999999956e-01 6.350000000000000089e-02 -2.000000000000000000e+00 0.000000000000000000e+00 1.868960991083675471e-01 2.575562500000000421e-01 4.284900000000010228e-02 5.904900000000017773e-02 2.926008573388202711e-03 4.032250000000000244e-03
4.000000000000000000e+00 8.394999999999999130e-01 1.934999999999999498e-01 -2.000000000000000000e+00 8.380219461717925293e-16 -8.958000000000000185e+00 1.660000000000003695e-01 -2.000000000000000000e+00 0.000000000000000000e+00 1.144000000000000128e+00 2.080000000000000182e-01 -2.000000000000000000e+00 -8.674666050624374460e-16 2.717002777777773742e-02 3.744224999999996861e-02 1.999605486968458398e-02 2.755600000000012206e-02 3.139458984910834666e-02 4.326399999999998996e-02
4.000000000000000000e+00 7.359999999999999876e-01 1.300000000000000044e-01 -2.000000000000000000e+00 0.000000000000000000e+00 -1.039550000000000018e+01 2.104999999999996874e-01 -2.000000000000000000e+00 0.000000000000000000e+00 8.455000000000000293e-01 2.265000000000000346e-01 -2.000000000000000000e+00 0.000000000000000000e+00 1.226351165980795431e-02 1.690000000000000530e-02 3.215380281207122493e-02 4.431024999999987057e-02 3.722755864197530712e-02 5.130225000000002145e-02
4.000000000000000000e+00 6.450000000000000178e-02 1.950000000000000344e-02 -2.000000000000000000e+00 0.000000000000000000e+00 -1.055399999999999849e+01 1.680000000000001492e-01 -2.000000000000000000e+00 -1.582298886459276138e-14 9.675000000000000266e-01 1.295000000000000040e-01 -2.000000000000000000e+00 -1.198152807236711995e-15 2.759290123456790110e-04 3.802500000000001625e-04 2.048079012345656660e-02 2.822399999999979439e-02 1.216935836762689585e-02 1.677025000000001431e-02
4.000000000000000000e+00 2.260000000000000064e-01 2.900000000000000355e-01 -2.000000000000000000e+00 0.000000000000000000e+00 -9.184499999999999886e+00 3.795000000000001705e-01 -2.000000000000000000e+00 0.000000000000000000e+00 3.585000000000000409e-01 1.849999999999998868e-02 -2.000000000000000000e+00 -4.481567327979644053e-15 6.102729766803842437e-02 8.410000000000002196e-02 1.045085216049383425e-01 1.440202500000001551e-01 2.483542524005492467e-04 3.422500000000005399e-04
4.000000000000000000e+00 3.279999999999999583e-01 2.999999999999999889e-02 -2.000000000000000000e+00 2.823443157514334595e-15 -9.543500000000001648e+00 2.275000000000000355e-01 -2.000000000000000000e+00 1.171259648496291574e-14 9.735000000000000320e-01 5.049999999999998934e-02 -2.000000000000000000e+00 0.000000000000000000e+00 6.530864197530876361e-04 9.000000000000012764e-04 3.755700445816152061e-02 5.175624999999968445e-02 1.850592935528119678e-03 2.550249999999999132e-03
4.000000000000000000e+00 1.014999999999999930e-01 3.094999999999999973e-01 -2.000000000000000000e+00 0.000000000000000000e+00 -1.031099999999999994e+01 8.900000000000041211e-02 -2.000000000000000000e+00 0.000000000000000000e+00 4.559999999999999609e-01 2.499999999999999722e-01 -2.000000000000000000e+00 1.665334536937735057e-16 6.951034602194786083e-02 9.579024999999999346e-02 5.747886145404714972e-03 7.921000000000073815e-03 4.535322359396431330e-02 6.250000000000000000e-02
4.000000000000000000e+00 -2.179999999999999993e-01 1.130000000000000171e-01 -2.000000000000000000e+00 -2.254219474748725783e-16 -1.009550000000000125e+01 5.050000000000043343e-02 -2.000000000000000000e+00 5.272102894350521438e-14 3.714999999999999969e-01 2.044999999999999873e-01 -2.000000000000000000e+00 -2.028384666220233404e-16 9.265844993141290203e-03 1.276900000000000431e-02 1.850592935528075442e-03 2.550249999999967907e-03 3.034693038408776966e-02 4.182024999999998244e-02
4.000000000000000000e+00 2.790000000000000258e-01 8.499999999999999223e-02 -2.000000000000000000e+00 -9.709931933515611909e-16 -9.527499999999999858e+00 2.294999999999998153e-01 -2.000000000000000000e+00 0.000000000000000000e+00 6.035000000000000364e-01 1.454999999999999905e-01 -1.999999999999999778e+00 -5.631722873692607221e-16 5.242832647462279325e-03 7.225000000000003121e-03 3.822024999999993483e-02 5.267024999999991158e-02 1.536222530864197675e-02 2.117025000000000504e-02
4.000000000000000000e+00 1.519999999999999962e-01 1.529999999999999971e-01 -2.000000000000000000e+00 0.000000000000000000e+00 -9.819499999999999673e+00 3.224999999999997868e-01 -2.000000000000000000e+00 0.000000000000000000e+00 8.174999999999998934e-01 2.094999999999999640e-01 -1.999999999999999778e+00 6.603074819087709725e-16 1.698677777777777426e-02 2.340899999999999925e-02 7.547229938271593497e-02 1.040062499999998558e-01 3.184902914951989739e-02 4.389025000000000565e-02
4.000000000000000000e+00 -2.479999999999999982e-01 1.789999999999999925e-01 -2.000000000000000000e+00 0.000000000000000000e+00 -9.850999999999999091e+00 4.910000000000005471e-01 -2.000000000000000000e+00 -5.451659456229866515e-15 1.320999999999999952e+00 1.010999999999999899e+00 -2.000000000000000000e+00 0.000000000000000000e+00 2.325060219478737589e-02 3.204100000000000004e-02 1.749408079561038665e-01 2.410809999999998510e-01 7.417037160493824555e-01 1.022120999999999835e+00
4.000000000000000000e+00 8.994999999999999662e-01 7.750000000000001332e-02 -2.000000000000000000e+00 0.000000000000000000e+00 -9.867000000000000881e+00 7.400000000000073186e-02 -1.999999999999999778e+00 3.598631675302944870e-14 2.075499999999999901e+00 2.375000000000000444e-01 -1.999999999999999778e+00 2.784055405095886202e-15 4.358444787379972367e-03 6.006250000000002906e-03 3.973668038408969226e-03 5.476000000000221142e-03 4.093128429355290254e-02 5.640625000000012296e-02
4.000000000000000000e+00 1.104999999999999982e+00 2.099999999999990763e-02 -2.000000000000000000e+00 0.000000000000000000e+00 -9.460000000000000853e+00 1.100000000000012079e-02 -1.999999999999999778e+00 2.422253309907268404e-13 2.030000000000000249e+00 1.400000000000001243e-02 -2.000000000000000000e+00 -4.753756336631264985e-14 3.200123456790095037e-04 4.409999999999961368e-04 8.780384087790020064e-05 1.209999999999860276e-04 1.422277091906670537e-04 1.959999999999950877e-04
4.000000000000000000e+00 3.905000000000000138e-01 1.675000000000000377e-01 -2.000000000000000000e+00 1.845677534512483366e-16 -9.679999999999999716e+00 1.310000000000002274e-01 -2.000000000000000000e+00 0.000000000000000000e+00 2.408000000000000362e+00 1.350000000000000089e-01 -2.000000000000000000e+00 -5.023585740521157828e-15 2.035906207133059143e-02 2.805625000000001520e-02 1.245290672153639110e-02 1.716100000000005815e-02 1.322500000000005095e-02 1.822500000000005713e-02
4.000000000000000000e+00 1.439999999999999891e-01 3.000000000000002665e-03 -2.000000000000000000e+00 0.000000000000000000e+00 -9.092500000000001137e+00 2.024999999999996803e-01 -2.000000000000000000e+00 1.316120708627772320e-14 1.731000000000000094e+00 1.400000000000001243e-02 -2.000000000000000000e+00 0.000000000000000000e+00 6.530864197530873719e-06 9.000000000000017169e-06 2.975624999999959899e-02 4.100624999999956388e-02 1.422277091906723663e-04 1.960000000000003731e-04
4.000000000000000000e+00 2.181500000000000217e+00 4.545000000000000151e-01 -2.000000000000000000e+00 -7.390751232535030370e-16 -9.813500000000001222e+00 2.550000000000007816e-02 -2.000000000000000000e+00 1.045166284510351168e-13 1.039999999999999952e-01 7.499999999999999722e-02 -2.000000000000000000e+00 0.000000000000000000e+00 1.498980277777778591e-01 2.065702500000000941e-01 4.718549382715691220e-04 6.502499999999655257e-04 4.081790123456789134e-03 5.624999999999999792e-03
4.000000000000000000e+00 1.273499999999999854e+00 1.075000000000000400e-01 -2.000000000000000000e+00 3.054589993796178343e-15 -9.528000000000000469e+00 3.390000000000004121e-01 -2.000000000000000000e+00 0.000000000000000000e+00 -1.159999999999999920e-01 2.550000000000000044e-01 -2.000000000000000000e+00 0.000000000000000000e+00 8.385811042523989497e-03 1.155624999999999014e-02 8.339260493827180265e-02 1.149210000000002729e-01 4.718549382716048096e-02 6.502500000000001334e-02
4.000000000000000000e+00 1.128499999999999837e+00 1.284999999999999476e-01 -1.999999999999999778e+00 2.657077573252980968e-15 -1.012950000000000017e+01 2.614999999999998437e-01 -2.000000000000000000e+00 0.000000000000000000e+00 1.640000000000000069e-01 1.750000000000000167e-01 -2.000000000000000000e+00 0.000000000000000000e+00 1.198214026063096523e-02 1.651224999999996099e-02 4.962168758573382021e-02 6.838224999999990839e-02 2.222307956104252469e-02 3.062500000000000638e-02
4.000000000000000000e+00 1.108999999999999986e+00 8.600000000000007638e-02 -2.000000000000000000e+00 0.000000000000000000e+00 -1.023300000000000054e+01 3.029999999999999361e-01 -1.999999999999999778e+00 8.792684356956526437e-15 -1.285000000000000031e-01 1.234999999999999987e-01 -2.000000000000000000e+00 0.000000000000000000e+00 5.366919067215371666e-03 7.396000000000013674e-03 6.662134567901277504e-02 9.180900000000041805e-02 1.106781927297667729e-02 1.525224999999999845e-02
4.000000000000000000e+00 9.464999999999998970e-01 8.449999999999996403e-02 -2.000000000000000000e+00 1.976663903185821614e-15 -9.217500000000001137e+00 1.505000000000000782e-01 -2.000000000000000000e+00 1.774740958494654862e-14 4.964999999999999969e-01 2.050000000000001821e-02 -2.000000000000000000e+00 0.000000000000000000e+00 5.181333676268848852e-03 7.140249999999985150e-03 1.643618964334729246e-02 2.265025000000025004e-02 3.049550754458166778e-04 4.202500000000008095e-04
4.000000000000000000e+00 1.089499999999999913e+00 7.050000000000000711e-02 -2.000000000000000000e+00 0.000000000000000000e+00 -9.980499999999999261e+00 9.250000000000024869e-02 -2.000000000000000000e+00 -2.876764890175322499e-14 2.370000000000000162e-01 3.800000000000000600e-02 -2.000000000000000000e+00 0.000000000000000000e+00 3.606669753086419461e-03 4.970250000000000709e-03 6.208856310013888269e-03 8.556250000000186970e-03 1.047840877914952293e-03 1.444000000000000405e-03
4.000000000000000000e+00 9.910000000000001030e-01 7.500000000000001110e-02 -1.999999999999999778e+00 -2.184466599378200898e-15 -9.916000000000000369e+00 2.500000000000035527e-02 -2.000000000000000000e+00 0.000000000000000000e+00 1.849999999999999978e-01 1.089999999999999997e-01 -2.000000000000000000e+00 -8.372030066396232350e-17 4.081790123456796940e-03 5.625000000000009333e-03 4.535322359396561933e-04 6.250000000000177939e-04 8.621466392318239899e-03 1.188099999999999747e-02
4.000000000000000000e+00 9.935000000000000497e-01 6.450000000000000178e-02 -2.000000000000000000e+00 0.000000000000000000e+00 -1.013049999999999962e+01 7.249999999999978684e-02 -2.000000000000000000e+00 0.000000000000000000e+00 1.459999999999999909e-01 3.299999999999999462e-02 -1.999999999999999778e+00 5.656785689986147553e-16 3.018891975308641250e-03 4.160249999999999886e-03 3.814206104252377671e-03 5.256249999999969280e-03 7.902345679012337532e-04 1.088999999999999474e-03
4.000000000000000000e+00 8.919999999999999041e-01 5.499999999999999334e-02 -1.999999999999999778e+00 3.095393129560420102e-15 -9.877499999999999503e+00 1.325000000000002842e-01 -2.000000000000000000e+00 0.000000000000000000e+00 2.590000000000000080e-01 2.999999999999998501e-02 -2.000000000000000000e+00 -1.443093169396217664e-15 2.195096021947878090e-03 3.025000000000005115e-03 1.273972050754463431e-02 1.755625000000007527e-02 6.530864197530863351e-04 8.999999999999997585e-04
4.000000000000000000e+00 1.122500000000000053e+00 7.450000000000001066e-02 -2.000000000000000000e+00 0.000000000000000000e+00 -9.705999999999999517e+00 1.810000000000000220e-01 -1.999999999999999556e+00 -1.470044891806143218e-14 4.834999999999999853e-01 3.305000000000000160e-01 -2.000000000000000000e+00 -2.883149183284702494e-16 4.027547668038408690e-03 5.550250000000002230e-03 2.377307133059013491e-02 3.276100000000028989e-02 7.926310322359393645e-02 1.092302499999999732e-01
4.000000000000000000e+00 1.052000000000000046e+00 9.900000000000003242e-02 -2.000000000000000000e+00 -1.731954137180940982e-15 -1.007300000000000040e+01 3.800000000000025580e-02 -2.000000000000000000e+00 0.000000000000000000e+00 1.804999999999999938e-01 1.754999999999999893e-01 -2.000000000000000000e+00 0.000000000000000000e+00 7.112111111111105513e-03 9.800999999999997214e-03 1.047840877914965954e-03 1.444000000000019270e-03 2.235024999999999859e-02 3.080024999999999083e-02
4.000000000000000000e+00 9.460000000000000631e-01 1.480000000000000204e-01 -2.000000000000000000e+00 0.000000000000000000e+00 -9.646000000000000796e+00 1.490000000000000213e-01 -1.999999999999999778e+00 1.789551127230453421e-14 -1.009999999999999926e-01 7.299999999999999545e-02 -2.000000000000000000e+00 0.000000000000000000e+00 1.589467215363511710e-02 2.190400000000001027e-02 1.611019067215386374e-02 2.220100000000023097e-02 3.866997256515774389e-03 5.328999999999998669e-03
4.000000000000000000e+00 1.157499999999999973e+00 1.174999999999999378e-01 -2.000000000000000000e+00 0.000000000000000000e+00 -9.557500000000000995e+00 3.249999999999975131e-02 -2.000000000000000000e+00 8.191969077496489806e-14 4.375000000000000000e-01 1.664999999999999813e-01 -2.000000000000000000e+00 0.000000000000000000e+00 1.001852709190670897e-02 1.380624999999998520e-02 7.664694787380345493e-04 1.056250000000032857e-03 2.011669444444443705e-02 2.772224999999998996e-02
4.000000000000000000e+00 9.845000000000000417e-01 1.135000000000000453e-01 -2.000000000000000000e+00 0.000000000000000000e+00 -9.832000000000000739e+00 4.600000000000026290e-02 -1.999999999999999556e+00 5.792154287133770846e-14 4.044999999999999707e-01 1.115000000000000158e-01 -2.000000000000000000e+00 7.039279028564081112e-16 9.348025034293560437e-03 1.288225000000001001e-02 1.535478737997204206e-03 2.115999999999954289e-03 9.021481824417004747e-03 1.243225000000000059e-02
4.000000000000000000e+00 9.530000000000000693e-01 8.300000000000001821e-02 -1.999999999999999778e+00 -1.990972654344675499e-15 -9.702500000000000568e+00 1.684999999999998721e-01 -2.000000000000000000e+00 0.000000000000000000e+00 -1.959999999999999798e-01 8.599999999999999312e-02 -2.000000000000000000e+00 -2.556855463557072456e-16 4.999013717421119107e-03 6.888999999999994954e-03 2.060288100137170827e-02 2.839224999999995572e-02 5.366919067215362125e-03 7.395999999999997195e-03
4.000000000000000000e+00 8.315000000000001279e-01 2.845000000000000306e-01 -2.000000000000000000e+00 -5.273287911667682251e-16 -1.052149999999999963e+01 2.350000000000029843e-02 -2.000000000000000000e+00 0.000000000000000000e+00 5.140000000000000124e-01 1.430000000000000160e-01 -2.000000000000000000e+00 0.000000000000000000e+00 5.873442009602198449e-02 8.094025000000004688e-02 4.007410836762790446e-04 5.522500000000139927e-04 1.483884910836762681e-02 2.044900000000000537e-02
4.000000000000000000e+00 -1.900000000000000022e-01 3.409999999999999698e-01 -1.999999999999999778e+00 -2.624933885346865619e-16 -8.905499999999999972e+00 6.150000000000055422e-02 -2.000000000000000000e+00 0.000000000000000000e+00 1.120000000000000107e+00 7.269999999999999796e-01 -2.000000000000000000e+00 -4.334093301481730242e-16 8.437949108367626128e-02 1.162810000000000232e-01 2.744595679012394335e-03 3.782250000000068543e-03 3.835279026063097563e-01 5.285289999999999155e-01
4.000000000000000000e+00 -2.135000000000000231e-01 1.845000000000000251e-01 -2.000000000000000000e+00 1.381055553755762593e-16 -9.772999999999999687e+00 7.800000000000029132e-02 -2.000000000000000000e+00 -3.409893420393544140e-14 1.791999999999999815e+00 4.060000000000000275e-01 -2.000000000000000000e+00 8.294727697590602262e-16 2.470136111111110103e-02 3.404025000000000106e-02 4.414864197530777440e-03 6.083999999999928875e-03 1.196135034293551724e-01 1.648359999999999825e-01
4.000000000000000000e+00 4.000000000000000083e-03 4.499999999999999833e-02 -2.000000000000000000e+00 0.000000000000000000e+00 -9.736999999999998323e+00 4.000000000000003553e-02 -2.000000000000000000e+00 -6.659796547786918745e-14 1.559499999999999886e+00 1.275000000000000577e-01 -1.999999999999999778e+00 2.615469881081642981e-15 1.469444444444443793e-03 2.025000000000000324e-03 1.161042524005549388e-03 1.600000000000063177e-03 1.179637345679015493e-02 1.625625000000004150e-02
1.000000000000000000e+00 2.443500000000000227e+00 9.150000000000013678e-02 -2.000000000000000000e+00 -7.288769561949397165e-15 3.806000000000000050e+00 7.099999999999995204e-02 -2.000000000000000000e+00 -9.390677388247554429e-15 8.028999999999999915e+00 2.299999999999968736e-02 -2.000000000000000000e+00 0.000000000000000000e+00 6.075336419753139122e-03 8.372250000000058465e-03 3.658009602194807735e-03 5.041000000000021158e-03 3.838696844993035994e-04 5.289999999999856449e-04
1.000000000000000000e+00 2.977500000000000036e+00 9.475000000000000089e-01 -2.000000000000000000e+00 -7.831119014590741443e-16 4.060999999999999943e+00 4.199999999999981526e-02 -2.000000000000000000e+00 0.000000000000000000e+00 7.935499999999999332e+00 6.255000000000001670e-01 -1.999999999999999778e+00 2.154874080456078259e-15 6.514582390260625910e-01 8.977562499999997003e-01 1.280049382716038015e-03 1.763999999999984547e-03 2.839113611111117597e-01 3.912502500000006322e-01
1.000000000000000000e+00 1.011749999999999972e+01 2.911499999999999755e+00 -1.999999999999999778e+00 5.038228602961196959e-16 9.750000000000000888e-01 1.354000000000000092e+00 -2.000000000000000000e+00 0.000000000000000000e+00 3.106499999999999595e+00 9.755000000000000338e-01 -2.000000000000000000e+00 6.577958028916144422e-16 6.151226694444444476e+00 8.476832250000001068e+00 1.330348647462276768e+00 1.833316000000000612e+00 6.905302225651572812e-01 9.516002499999998143e-01
1.000000000000000000e+00 1.374650000000000105e+01 6.194999999999994955e-01 -2.000000000000000000e+00 -4.319445815149349093e-15 -5.888500000000000512e+00 6.804999999999998828e-01 -2.000000000000000000e+00 1.937708885187656489e-15 6.487999999999999545e+00 1.130999999999999783e+00 -1.999999999999999778e+00 1.227841753350589990e-15 2.784907438271590485e-01 3.837802499999984351e-01 3.360349139231817439e-01 4.630802499999993604e-01 9.282251975308644099e-01 1.279161000000000659e+00
1.000000000000000000e+00 1.277799999999999869e+01 1.594999999999999751e+00 -2.000000000000000000e+00 1.751088684405796501e-15 -8.428499999999999659e+00 1.082499999999999574e+00 -2.000000000000000000e+00 0.000000000000000000e+00 4.754999999999999893e+00 1.550000000000002487e-01 -2.000000000000000000e+00 0.000000000000000000e+00 1.846075754458158302e+00 2.544024999999996872e+00 8.503230538408771411e-01 1.171806249999999050e+00 1.743377914951994498e-02 2.402500000000007754e-02
1.000000000000000000e+00 7.996499999999999275e+00 4.214999999999995417e-01 -2.000000000000000000e+00 3.150477826325571756e-15 9.782999999999999474e+00 2.377999999999999670e+00 -2.000000000000000000e+00 5.944388364060232411e-16 1.675000000000000000e+01 2.699999999999995737e-01 -2.000000000000000000e+00 0.000000000000000000e+00 1.289208919753086491e-01 1.776622499999999383e-01 4.103475495198901868e+00 5.654884000000000910e+00 5.289999999999982216e-02 7.289999999999978442e-02
1.000000000000000000e+00 1.550699999999999967e+01 1.240000000000005542e-01 -2.000000000000000000e+00 0.000000000000000000e+00 -4.352000000000000313e+00 1.949000000000000066e+00 -2.000000000000000000e+00 3.599034039151743284e-16 8.071999999999999176e+00 1.351999999999999869e+00 -2.000000000000000000e+00 9.883319515929096237e-16 1.115761865569282751e-02 1.537600000000013609e-02 2.756460807956103487e+00 3.798600999999999228e+00 1.326421421124827082e+00 1.827903999999998419e+00
1.000000000000000000e+00 1.161899999999999977e+01 2.128999999999999559e+00 -2.000000000000000000e+00 0.000000000000000000e+00 -6.498499999999999943e+00 1.024499999999999744e+00 -2.000000000000000000e+00 0.000000000000000000e+00 1.199500000000000011e+00 2.115000000000000213e-01 -2.000000000000000000e+00 0.000000000000000000e+00 3.289118091906719776e+00 4.532640999999999032e+00 7.616440771604933158e-01 1.049600249999999457e+00 3.246002777777777515e-02 4.473225000000001506e-02
1.000000000000000000e+00 -8.143000000000000682e+00 1.503000000000000558e+00 -2.000000000000000000e+00 9.155695055342269547e-16 -1.932549999999999812e+01 1.040499999999999758e+00 -1.999999999999999778e+00 -5.026366500646732926e-15 -1.175250000000000128e+01 3.485000000000004761e-01 -2.000000000000000000e+00 7.705126226474010783e-15 1.639253444444444208e+00 2.259009000000000711e+00 7.856196052812097763e-01 1.082640250000002746e+00 8.813201680384058490e-02 1.214522499999998173e-01
1.000000000000000000e+00 1.028749999999999964e+01 2.303499999999999659e+00 -2.000000000000000000e+00 0.000000000000000000e+00 -1.240749999999999886e+01 1.544999999999996376e-01 -1.999999999999999778e+00 -1.722750711314896420e-14 -3.907499999999999751e+00 2.784999999999999698e-01 -1.999999999999999778e+00 -2.409216961292762260e-15 3.850388724622768599e+00 5.306112249999999086e+00 1.732148456790138721e-02 2.387025000000012054e-02 5.628316906721524127e-02 7.756224999999987435e-02
1.000000000000000000e+00 2.335800000000000054e+01 2.599000000000000199e+00 -2.000000000000000000e+00 0.000000000000000000e+00 1.450000000000004619e-01 9.545999999999999375e+00 -2.000000000000000000e+00 0.000000000000000000e+00 3.111499999999999932e+00 4.648500000000000298e+00 -2.000000000000000000e+00 0.000000000000000000e+00 4.901632001371742042e+00 6.754801000000000499e+00 6.612580982716046663e+01 9.112611599999999612e+01 1.568028002777777807e+01 2.160855224999999891e+01
1.000000000000000000e+00 2.072999999999999687e+01 1.964000000000000412e+00 -2.000000000000000000e+00 2.755139725191445584e-15 8.029500000000000526e+00 6.839500000000000135e+00 -2.000000000000000000e+00 -3.553342945523083345e-16 8.820000000000000284e+00 3.212999999999999634e+00 -2.000000000000000000e+00 -4.284380389650915779e-16 2.799052927297674742e+00 3.857296000000007385e+00 3.394508116906721540e+01 4.677876025000001903e+01 7.491169000000001077e+00 1.032336899999999957e+01
1.000000000000000000e+00 1.599349999999999916e+01 2.976499999999999702e+00 -2.000000000000000000e+00 0.000000000000000000e+00 -8.151499999999998636e+00 2.054999999999997939e-01 -1.999999999999999778e+00 -1.299296096917102733e-14 -4.567000000000000171e+00 1.921000000000000263e+00 -2.000000000000000000e+00 0.000000000000000000e+00 6.428948066186553234e+00 8.859552249999998352e+00 3.064444753086443748e-02 4.223025000000022594e-02 2.677829203017833226e+00 3.690241000000000771e+00
1.000000000000000000e+00 -3.257499999999999840e+00 4.643499999999999517e+00 -2.000000000000000000e+00 0.000000000000000000e+00 -1.556650000000000134e+01 1.454500000000000348e+00 -1.999999999999999778e+00 1.876170904577433748e-15 -1.176150000000000162e+01 9.455000000000000071e-01 -2.000000000000000000e+00 2.889670411747545618e-15 1.564656625548696489e+01 2.156209224999999563e+01 1.535166889231822651e+00 2.115570249999999319e+00 6.487109221536335735e-01 8.939702499999986340e-01
1.000000000000000000e+00 7.076999999999999957e+00 4.012999999999999901e+00 -2.000000000000000000e+00 0.000000000000000000e+00 -8.933999999999999275e+00 1.239999999999999769e+00 -2.000000000000000000e+00 -1.106365883775615123e-15 -7.842999999999999972e+00 1.268000000000000238e+00 -1.999999999999999778e+00 -9.802231933662219284e-16 1.168601563923182063e+01 1.610416899999999885e+01 1.115761865569271150e+00 1.537599999999998746e+00 1.166720021947873054e+00 1.607823999999999920e+00
1.000000000000000000e+00 2.059799999999999898e+01 1.616999999999999105e+00 -2.000000000000000000e+00 3.256130896805160424e-15 -5.647999999999999687e+00 2.120000000000001883e-01 -2.000000000000000000e+00 -6.281187649997951566e-15 1.431500000000000217e+00 3.276500000000000412e+00 -1.999999999999999778e+00 -2.020038686767984632e-16 1.897353197530866398e+00 2.614689000000002483e+00 3.261368449931401764e-02 4.494399999999992151e-02 7.790197860425237764e+00 1.073545224999999981e+01
1.000000000000000000e+00 7.416999999999999815e+00 6.920000000000001705e-01 -2.000000000000000000e+00 0.000000000000000000e+00 1.646549999999999869e+01 2.656500000000000306e+00 -2.000000000000000000e+00 1.042301677877142654e-15 2.134199999999999875e+01 3.890000000000011227e-01 -2.000000000000000000e+00 1.373306161382604920e-14 3.474884170096022573e-01 4.788640000000002894e-01 5.120917558641979284e+00 7.056992250000006628e+00 1.098063223593982174e-01 1.513210000000020650e-01
1.000000000000000000e+00 1.691750000000000043e+01 1.874500000000001165e+00 -2.000000000000000000e+00 0.000000000000000000e+00 -5.849999999999999645e-01 3.594999999999999751e+00 -2.000000000000000000e+00 0.000000000000000000e+00 1.487550000000000061e+01 4.855000000000000426e-01 -2.000000000000000000e+00 0.000000000000000000e+00 2.549758411865571617e+00 3.513750250000004183e+00 9.378339128943755654e+00 1.292402499999999854e+01 1.710435147462276984e-01 2.357102500000000100e-01
1.000000000000000000e+00 1.471349999999999980e+01 9.750000000000014211e-02 -2.000000000000000000e+00 0.000000000000000000e+00 -5.480500000000000149e+00 6.585000000000000853e-01 -2.000000000000000000e+00 0.000000000000000000e+00 1.347999999999999865e+00 2.120000000000000107e+00 -2.000000000000000000e+00 0.000000000000000000e+00 6.898225308641994791e-03 9.506250000000028566e-03 3.146586697530864285e-01 4.336222500000001534e-01 3.261368449931412616e+00 4.494399999999999729e+00
1.000000000000000000e+00 1.601750000000000185e+01 5.185000000000004050e-01 -1.999999999999999778e+00 -5.077432244988849197e-15 -3.229000000000000092e+00 2.039999999999999591e-01 -2.000000000000000000e+00 3.269337351352059150e-15 -1.227800000000000047e+01 6.989999999999998437e-01 -2.000000000000000000e+00 0.000000000000000000e+00 1.950858028120723564e-01 2.688422500000012261e-01 3.019871604938261997e-02 4.161599999999991001e-02 3.545540864197527786e-01 4.886009999999998410e-01
1.000000000000000000e+00 1.324699999999999989e+01 1.138999999999999346e+00 -2.000000000000000000e+00 0.000000000000000000e+00 -5.674999999999999822e+00 4.809999999999998721e-01 -2.000000000000000000e+00 0.000000000000000000e+00 4.692999999999999616e+00 1.523000000000000131e+00 -1.999999999999999778e+00 9.428264865248736720e-16 9.414030301783251620e-01 1.297320999999998836e+00 1.678874746227707881e-01 2.313609999999999001e-01 1.683169877914952872e+00 2.319529000000001950e+00
1.000000000000000000e+00 1.577149999999999963e+01 2.297499999999999432e+00 -2.000000000000000000e+00 0.000000000000000000e+00 -4.875499999999999723e+00 3.246499999999999719e+00 -1.999999999999999778e+00 -1.038278800000278838e-16 1.283299999999999841e+01 1.652000000000000135e+00 -2.000000000000000000e+00 1.674514889487791998e-15 3.830356387174208344e+00 5.278506249999997735e+00 7.648195103223591751e+00 1.053976224999999722e+01 1.980378622770921249e+00 2.729104000000003083e+00
1.000000000000000000e+00 5.803499999999999659e+00 9.784999999999999254e-01 -2.000000000000000000e+00 1.362779463080544954e-15 1.200000000000000000e+01 5.842999999999999972e+00 -2.000000000000000000e+00 0.000000000000000000e+00 2.293949999999999889e+01 4.684499999999999886e+00 -2.000000000000000000e+00 0.000000000000000000e+00 6.947839921124817630e-01 9.574622499999991820e-01 2.477421580384087108e+01 3.414064900000001046e+01 1.592409024999999723e+01 2.194454024999999930e+01
1.000000000000000000e+00 1.700150000000000006e+01 6.424999999999982947e-01 -2.000000000000000000e+00 0.000000000000000000e+00 -5.214500000000000135e+00 3.814999999999999503e-01 -2.000000000000000000e+00 0.000000000000000000e+00 1.192549999999999955e+01 1.756499999999999950e+00 -2.000000000000000000e+00 1.556966827684926069e-15 2.995535065157733934e-01 4.128062499999977653e-01 1.056129633058984219e-01 1.455422499999999841e-01 2.238847188271601674e+00 3.085292249999997516e+00
1.000000000000000000e+00 1.302949999999999875e+01 3.174999999999998934e-01 -2.000000000000000000e+00 8.455195724702098307e-15 -4.315999999999999837e+00 8.879999999999999005e-01 -2.000000000000000000e+00 0.000000000000000000e+00 -4.444499999999999673e+00 3.225499999999999812e+00 -1.999999999999999778e+00 -4.234762520871714520e-16 7.315021433470550449e-02 1.008062500000004025e-01 5.722081975308638269e-01 7.885440000000000227e-01 7.549570346021947209e+00 1.040385025000000319e+01
1.000000000000000000e+00 1.176899999999999835e+01 5.880000000000000782e-01 -2.000000000000000000e+00 4.505388022315170275e-15 -4.386499999999999844e+00 6.904999999999998916e-01 -2.000000000000000000e+00 -1.011673643606099212e-15 -1.046000000000000085e+01 2.401000000000000689e+00 -2.000000000000000000e+00 1.090869145017903070e-15 2.508896790123448239e-01 3.457439999999992186e-01 3.459835970507544878e-01 4.767902500000001931e-01 4.183236939643351526e+00 5.764801000000007392e+00
1.000000000000000000e+00 1.546199999999999974e+01 7.280000000000006466e-01 -2.000000000000000000e+00 3.596881290832256093e-15 -6.899000000000000021e+00 1.600000000000001421e-01 -2.000000000000000000e+00 0.000000000000000000e+00 4.597500000000000142e+00 6.205000000000000515e-01 -2.000000000000000000e+00 -1.103693503570185619e-15 3.845837256515791669e-01 5.299840000000021201e-01 1.857668038408781877e-02 2.560000000000004980e-02 2.793905517832644958e-01 3.850202499999998418e-01
1.000000000000000000e+00 1.639249999999999829e+01 3.167499999999999538e+00 -2.000000000000000000e+00 8.943352000757262392e-16 -1.279999999999999805e+00 4.891999999999999460e+00 -2.000000000000000000e+00 0.000000000000000000e+00 1.486050000000000004e+01 2.726499999999999702e+00 -2.000000000000000000e+00 0.000000000000000000e+00 7.280503094993133750e+00 1.003305624999999246e+01 1.736604973388202211e+01 2.393166399999999783e+01 5.394350329561039992e+00 7.433802249999999390e+00
1.000000000000000000e+00 8.879999999999999005e+00 2.693999999999999950e+00 -2.000000000000000000e+00 9.993787793447203664e-16 9.771000000000000796e+00 5.491999999999999993e+00 -2.000000000000000000e+00 -5.147304541494027428e-16 1.715549999999999997e+01 3.784500000000000419e+00 -2.000000000000000000e+00 7.209868845723994016e-16 5.266515012345680979e+00 7.257636000000005083e+00 2.188714932235939870e+01 3.016206400000001508e+01 1.039310136111110694e+01 1.432244024999999787e+01
1.000000000000000000e+00 1.614150000000000063e+01 4.974999999999996092e-01 -1.999999999999999778e+00 -5.297108218030886556e-15 -4.847500000000000142e+00 4.405000000000001137e-01 -2.000000000000000000e+00 0.000000000000000000e+00 5.996500000000000163e+00 2.159499999999999975e+00 -2.000000000000000000e+00 2.645829451287541932e-16 1.796033007544571014e-01 2.475062499999988730e-01 1.408056135116598495e-01 1.940402500000001085e-01 3.384032774005485855e+00 4.663440250000000731e+00
1.000000000000000000e+00 9.809499999999999886e+00 8.565000000000004832e-01 -2.000000000000000000e+00 0.000000000000000000e+00 -1.378000000000000114e+00 6.179999999999999938e-01 -2.000000000000000000e+00 5.291725734414319374e-16 -3.654999999999999916e-01 5.995000000000000329e-01 -2.000000000000000000e+00 2.576396329974377390e-16 5.323323734567906307e-01 7.335922500000009450e-01 2.771437530864198084e-01 3.819240000000001523e-01 2.607993583676267990e-01 3.594002499999999212e-01
1.000000000000000000e+00 1.233200000000000074e+01 5.460000000000002629e-01 -1.999999999999999778e+00 -4.945045685766426634e-15 -2.818500000000000227e+00 1.007500000000000062e+00 -2.000000000000000000e+00 6.513678451397718201e-16 -1.123799999999999955e+01 1.596000000000000085e+00 -2.000000000000000000e+00 0.000000000000000000e+00 2.163283456790116299e-01 2.981159999999995480e-01 7.365771690672149319e-01 1.015056249999999549e+00 1.848391308641974762e+00 2.547216000000000591e+00
1.000000000000000000e+00 9.877500000000001279e+00 6.704999999999996518e-01 -1.999999999999999778e+00 -4.051413476662570370e-15 -2.802000000000000046e+00 7.949999999999999289e-01 -2.000000000000000000e+00 0.000000000000000000e+00 4.388499999999999623e+00 2.390499999999999847e+00 -1.999999999999999778e+00 5.851624938810629003e-16 3.262313611111117839e-01 4.495702500000005597e-01 4.586299382716046424e-01 6.320249999999999480e-01 4.146728864540467185e+00 5.714490250000000771e+00
1.000000000000000000e+00 1.376249999999999929e+01 7.305000000000002602e-01 -2.000000000000000444e+00 3.560078563132155186e-15 -5.285999999999999588e+00 2.900000000000035882e-02 -1.999999999999999778e+00 -4.591322138136633309e-14 1.003849999999999909e+01 4.714999999999998082e-01 -2.000000000000000000e+00 5.626833723249836435e-15 3.872296327160504870e-01 5.336302500000014160e-01 6.102729766804209201e-04 8.410000000000428851e-04 1.613212349108372745e-01 2.223122500000005997e-01
1.000000000000000000e+00 4.248499999999999943e+00 2.550000000000007816e-02 -2.000000000000000000e+00 0.000000000000000000e+00 1.292699999999999960e+01 2.080999999999999517e+00 -2.000000000000000000e+00 0.000000000000000000e+00 1.959600000000000009e+01 4.050000000000011369e-01 -2.000000000000000000e+00 0.000000000000000000e+00 4.718549382716077738e-04 6.502500000000040149e-04 3.142478421124826227e+00 4.330560999999997662e+00 1.190250000000006581e-01 1.640250000000009201e-01
1.000000000000000000e+00 1.112650000000000006e+01 1.737500000000000711e+00 -2.000000000000000000e+00 0.000000000000000000e+00 -3.602500000000000036e+00 2.951500000000000234e+00 -2.000000000000000000e+00 0.000000000000000000e+00 1.273150000000000048e+01 8.044999999999999929e-01 -1.999999999999999778e+00 -3.304941546648408220e-15 2.190674082647463550e+00 3.018906250000002789e+00 6.321406502400548355e+00 8.711352250000000907e+00 4.696563954046650280e-01 6.472202500000011627e-01
1.000000000000000000e+00 1.399749999999999872e+01 1.109499999999999709e+00 -2.000000000000000000e+00 2.438650510221118701e-15 -5.952500000000000568e+00 9.655000000000000249e-01 -2.000000000000000000e+00 1.356894495343164182e-15 -2.607999999999999652e+00 2.903999999999999471e+00 -2.000000000000000000e+00 -2.901351638640527703e-16 8.932700168038384403e-01 1.230990249999997843e+00 6.764453254458169251e-01 9.321902500000007752e-01 6.119576493827159069e+00 8.433215999999999823e+00
1.000000000000000000e+00 1.048850000000000016e+01 1.246499999999999275e+00 -2.000000000000000000e+00 0.000000000000000000e+00 -1.466499999999999915e+00 1.594999999999999751e-01 -2.000000000000000000e+00 0.000000000000000000e+00 -1.329649999999999999e+01 5.365000000000001990e-01 -2.000000000000000000e+00 0.000000000000000000e+00 1.127490027777776183e+00 1.553762249999998346e+00 1.846075754458160675e-02 2.544024999999999759e-02 2.088659262688615514e-01 2.878322500000002337e-01
1.000000000000000000e+00 1.309699999999999953e+01 6.020000000000003126e-01 -2.000000000000000000e+00 0.000000000000000000e+00 -6.177500000000000213e+00 9.075000000000001954e-01 -2.000000000000000000e+00 1.485492038983948764e-15 -1.130500000000000060e+00 1.505500000000000060e+00 -2.000000000000000000e+00 0.000000000000000000e+00 2.629790342935530156e-01 3.624040000000004480e-01 5.976148919753081490e-01 8.235562499999996566e-01 1.644711251371741900e+00 2.266530250000000191e+00
1.000000000000000000e+00 1.499500000000000099e+01 2.253000000000000114e+00 -2.000000000000000000e+00 0.000000000000000000e+00 -4.631000000000000227e+00 3.071000000000000174e+00 -2.000000000000000000e+00 1.839975405139347754e-16 7.413500000000000867e+00 2.021500000000000075e+00 -2.000000000000000000e+00 -6.451047358831435943e-16 3.683413938271603350e+00 5.076009000000001770e+00 6.843649779149519219e+00 9.431041000000000452e+00 2.965347778120710931e+00 4.086462249999999408e+00
1.000000000000000000e+00 1.629599999999999937e+01 1.365000000000001101e+00 -2.000000000000000000e+00 1.920723951878378255e-15 9.410000000000000142e+00 4.649000000000000021e+00 -2.000000000000000000e+00 -2.121450095417703892e-16 1.571150000000000091e+01 6.173500000000000654e+00 -2.000000000000000000e+00 0.000000000000000000e+00 1.352052160493830923e+00 1.863225000000005460e+00 1.568365340054869606e+01 2.161320100000000366e+01 2.765610711968449564e+01 3.811210225000001373e+01
1.000000000000000000e+00 1.335449999999999982e+01 4.194999999999993179e-01 -2.000000000000000000e+00 0.000000000000000000e+00 -6.979499999999999815e+00 1.244999999999998330e-01 -2.000000000000000000e+00 -1.073088612288775336e-14 3.665999999999999925e+00 1.598999999999999755e+00 -2.000000000000000000e+00 0.000000000000000000e+00 1.277003460219474362e-01 1.759802499999994496e-01 1.124778086419740523e-02 1.550024999999986310e-02 1.855346679012344957e+00 2.556800999999999213e+00
1.000000000000000000e+00 1.103350000000000009e+01 6.735000000000006537e-01 -2.000000000000000000e+00 0.000000000000000000e+00 -3.404500000000000082e+00 3.044999999999999929e-01 -2.000000000000000000e+00 0.000000000000000000e+00 -7.298000000000000043e+00 2.147000000000000242e+00 -2.000000000000000000e+00 0.000000000000000000e+00 3.291571882716054498e-01 4.536022500000009838e-01 6.728259567901231919e-02 9.272025000000001793e-02 3.344970042524005649e+00 4.609609000000002510e+00
1.000000000000000000e+00 9.613500000000000156e+00 3.734999999999999432e-01 -2.000000000000000000e+00 0.000000000000000000e+00 -3.128499999999999837e+00 6.225000000000000533e-01 -2.000000000000000000e+00 0.000000000000000000e+00 -6.942499999999999893e+00 3.021500000000000519e+00 -2.000000000000000000e+00 -1.931895680393734563e-16 1.012300277777777313e-01 1.395022499999999666e-01 2.811945216049382412e-01 3.875062500000001076e-01 6.624808683470505777e+00 9.129462250000003110e+00
1.000000000000000000e+00 1.409949999999999903e+01 3.715000000000001634e-01 -2.000000000000000000e+00 7.172815540604274239e-15 -5.112000000000000099e+00 3.040000000000002700e-01 -2.000000000000000000e+00 0.000000000000000000e+00 1.693999999999999950e+00 4.279999999999999361e-01 -2.000000000000000000e+00 0.000000000000000000e+00 1.001488069272982867e-01 1.380122500000006969e-01 6.706181618655701615e-02 9.241600000000017856e-02 1.329277585733881217e-01 1.831839999999999580e-01
1.000000000000000000e+00 1.143750000000000000e+01 3.798500000000000210e+00 -1.999999999999999778e+00 3.241110369008984668e-16 -1.979999999999999538e-01 4.493000000000000327e+00 -2.000000000000000000e+00 0.000000000000000000e+00 8.525500000000000966e+00 2.768500000000000405e+00 -2.000000000000000000e+00 -9.208508940257076765e-16 1.047013798388202588e+01 1.442860225000000085e+01 1.464876395198902514e+01 2.018704900000000180e+01 5.561823457133056259e+00 7.664592249999997442e+00
1.000000000000000000e+00 1.399099999999999966e+01 4.530000000000002913e-01 -2.000000000000000000e+00 5.896886005839607725e-15 4.434999999999999609e+00 4.343999999999999417e+00 -2.000000000000000000e+00 2.600411085560896362e-16 1.450850000000000151e+01 4.608500000000000263e+00 -1.999999999999999778e+00 -5.807663101571950722e-16 1.489102345679007289e-01 2.052089999999995584e-01 1.369328908641974607e+01 1.887033599999999822e+01 1.541158576165981131e+01 2.123827225000000851e+01
1.000000000000000000e+00 1.454550000000000054e+01 3.775000000000003908e-01 -1.999999999999999778e+00 -7.094177797405008957e-15 -7.626500000000000057e+00 6.550000000000011369e-02 -2.000000000000000000e+00 0.000000000000000000e+00 4.717499999999999361e+00 1.805499999999999883e+00 -1.999999999999999778e+00 6.790789246934750581e-16 1.034098851165977107e-01 1.425062499999997234e-01 3.113226680384097774e-03 4.290250000000014538e-03 2.365500963305896320e+00 3.259830249999998486e+00
1.000000000000000000e+00 1.101699999999999946e+01 1.022999999999999687e+00 -2.000000000000000000e+00 0.000000000000000000e+00 -3.056000000000000050e+00 1.006999999999999895e+00 -2.000000000000000000e+00 7.610616847461257047e-16 -8.075499999999999901e+00 7.144999999999996909e-01 -2.000000000000000000e+00 1.826227090231029579e-15 7.594154197530857964e-01 1.046528999999999598e+00 7.358462565157750657e-01 1.014048999999999978e+00 3.704525682441691115e-01 5.105102499999990551e-01
2.000000000000000000e+00 3.163000000000000256e+00 7.599999999999984546e-02 -2.000000000000000000e+00 -8.767945656080433371e-15 2.579500000000000348e+00 2.375000000000000444e-01 -1.999999999999999778e+00 -2.784055405095886202e-15 9.349000000000000199e+00 5.039999999999995595e-01 -2.000000000000000000e+00 0.000000000000000000e+00 4.191363511659760600e-03 5.775999999999948710e-03 4.093128429355272907e-02 5.640624999999992173e-02 1.843271111111107197e-01 2.540159999999995755e-01
2.000000000000000000e+00 3.102999999999999758e+00 4.499999999999999556e-01 -2.000000000000000000e+00 1.446792693270094788e-15 2.825499999999999901e+00 3.225000000000000089e-01 -1.999999999999999778e+00 2.172152884477284866e-15 7.466499999999999915e+00 4.225000000000003197e-01 -2.000000000000000000e+00 0.000000000000000000e+00 1.469444444444442111e-01 2.024999999999997913e-01 7.547229938271592109e-02 1.040062499999998974e-01 1.295333419067217218e-01 1.785062500000002828e-01
2.000000000000000000e+00 4.495499999999999829e+00 4.849999999999976552e-02 -2.000000000000000000e+00 0.000000000000000000e+00 -1.413000000000000034e+00 4.600000000000004086e-02 -2.000000000000000000e+00 0.000000000000000000e+00 4.624500000000000277e+00 9.375000000000002220e-01 -2.000000000000000000e+00 -7.410697570001631111e-16 1.706913923182424827e-03 2.352249999999977623e-03 1.535478737997258850e-03 2.116000000000004162e-03 6.377797067901239680e-01 8.789062500000011102e-01
2.000000000000000000e+00 1.938550000000000040e+01 1.418499999999999872e+00 -2.000000000000000000e+00 -3.656369377433634320e-15 3.180499999999999883e+00 3.068499999999999783e+00 -2.000000000000000000e+00 0.000000000000000000e+00 1.832150000000000034e+01 1.057500000000000995e+00 -2.000000000000000000e+00 0.000000000000000000e+00 1.460114197873803255e+00 2.012142250000004129e+00 6.832511934499311934e+00 9.415692249999999319e+00 8.115006944444458359e-01 1.118306250000002278e+00
2.000000000000000000e+00 2.278999999999999915e+00 2.899999999999991473e-02 -2.000000000000000000e+00 0.000000000000000000e+00 -4.078500000000000014e+00 1.441499999999999782e+00 -2.000000000000000444e+00 4.447823403576023572e-16 -1.144500000000000073e+00 1.282500000000000195e+00 -2.000000000000000000e+00 2.105222969250253409e-16 6.102729766803803709e-04 8.409999999999950718e-04 1.507847558641973951e+00 2.077922249999998972e+00 1.193556249999999874e+00 1.644806250000000025e+00
2.000000000000000000e+00 1.079649999999999999e+01 7.643500000000000405e+00 -2.000000000000000000e+00 3.182316640182370562e-16 1.497000000000000108e+00 2.565000000000000391e+00 -2.000000000000000000e+00 0.000000000000000000e+00 -8.125000000000001110e-01 1.984500000000000153e+00 -2.000000000000000000e+00 0.000000000000000000e+00 4.239480905384088771e+01 5.842309225000002471e+01 4.774225000000001273e+00 6.579225000000000989e+00 2.857790249999999421e+00 3.938240250000000220e+00
2.000000000000000000e+00 4.078500000000000014e+00 3.460499999999999687e+00 -1.999999999999999778e+00 -8.573213662615782063e-17 8.193500000000000227e+00 1.146500000000000075e+00 -1.999999999999999778e+00 -1.105043340517498370e-15 2.032000000000000028e+00 2.353000000000000203e+00 -2.000000000000000000e+00 -3.408822906880009080e-16 8.689721361111107711e+00 1.197506025000000207e+01 9.538416052812063173e-01 1.314462249999999166e+00 4.017649054869681713e+00 5.536609000000000336e+00
2.000000000000000000e+00 2.980949999999999989e+01 1.173500000000000654e+00 -2.000000000000000000e+00 0.000000000000000000e+00 7.657000000000000028e+00 3.645000000000000018e+00 -2.000000000000000000e+00 -3.668069995957803617e-16 1.355749999999999922e+01 4.589499999999999247e+00 -2.000000000000000000e+00 0.000000000000000000e+00 9.992964200960228194e-01 1.377102250000001860e+00 9.641025000000000844e+00 1.328602500000000397e+01 1.528476944067214482e+01 2.106351024999999311e+01
2.000000000000000000e+00 -6.873499999999999943e+00 1.593500000000000139e+00 -1.999999999999999778e+00 -8.780191834160772158e-16 -1.288700000000000045e+01 2.910000000000003695e-01 -2.000000000000000000e+00 0.000000000000000000e+00 -2.435000000000000053e+00 1.536999999999999922e+00 -2.000000000000000000e+00 0.000000000000000000e+00 1.842605144375858650e+00 2.539242250000001366e+00 6.144890123456803188e-02 8.468100000000024219e-02 1.714256791495198051e+00 2.362369000000000163e+00
2.000000000000000000e+00 3.613500000000000512e+01 9.529999999999994031e-01 -2.000000000000000000e+00 -1.115965530549724392e-14 -1.443499999999999783e+00 2.541500000000000092e+00 -2.000000000000000000e+00 0.000000000000000000e+00 -4.001500000000000057e+00 1.679499999999999993e+00 -2.000000000000000000e+00 0.000000000000000000e+00 6.590432935528167668e-01 9.082090000000045960e-01 4.687144815157749278e+00 6.459222250000000720e+00 2.046860099108367415e+00 2.820720249999999929e+00
2.000000000000000000e+00 7.164999999999999147e+00 1.720999999999999641e+00 -2.000000000000000000e+00 7.840975910499256468e-16 1.442650000000000077e+01 2.978500000000000369e+00 -2.000000000000000000e+00 0.000000000000000000e+00 4.028999999999999915e+00 4.096999999999999531e+00 -2.000000000000000000e+00 0.000000000000000000e+00 2.149264593964335113e+00 2.961841000000000168e+00 6.437590576474623738e+00 8.871462250000002214e+00 1.218035851989025353e+01 1.678540899999999780e+01
2.000000000000000000e+00 2.725600000000000023e+01 2.022800000000000153e+01 -2.000000000000000000e+00 0.000000000000000000e+00 -1.004299999999999926e+01 1.626999999999999780e+00 -2.000000000000000000e+00 -1.649785738263353986e-15 -2.483500000000000263e+00 4.244999999999998774e-01 -2.000000000000000000e+00 1.632787505974334832e-15 2.969162956598079859e+02 4.091719840000000090e+02 1.920893334705077171e+00 2.647129000000001842e+00 1.307625956790120780e-01 1.802002499999997565e-01
2.000000000000000000e+00 -5.783499999999999197e+00 4.022499999999999964e+00 -2.000000000000000000e+00 -3.275090461710939366e-16 -5.721000000000000085e+00 4.724999999999999645e+00 -2.000000000000000000e+00 0.000000000000000000e+00 -5.511499999999999844e+00 2.017500000000000071e+00 -2.000000000000000000e+00 -3.244747013221795565e-16 1.174140988511658890e+01 1.618050624999999698e+01 1.620062499999999517e+01 2.232562499999999517e+01 2.953624151234567119e+00 4.070306250000000681e+00
2.000000000000000000e+00 1.628500000000000014e+01 9.114999999999998437e+00 -2.000000000000000000e+00 -3.002411142396876455e-16 5.721000000000000085e+00 1.551000000000000156e+00 -2.000000000000000000e+00 0.000000000000000000e+00 5.238999999999999879e+00 4.911999999999999922e+00 -2.000000000000000000e+00 0.000000000000000000e+00 6.028947328532235161e+01 8.308322500000001298e+01 1.745628160493826853e+00 2.405601000000000766e+00 1.750833549519889942e+01 2.412774400000000341e+01
2.000000000000000000e+00 1.787049999999999983e+01 7.052499999999999325e+00 -2.000000000000000000e+00 -4.051267452764375514e-16 -4.615999999999999659e+00 7.737000000000000099e+00 -2.000000000000000000e+00 0.000000000000000000e+00 1.334499999999999886e+01 4.269999999999999574e+00 -2.000000000000000000e+00 0.000000000000000000e+00 3.609228128429352722e+01 4.973775624999998257e+01 4.343835171604937528e+01 5.986116900000001095e+01 1.323073264746227373e+01 1.823290000000000077e+01
2.000000000000000000e+00 8.784999999999998366e-01 5.110500000000000043e+00 -2.000000000000000000e+00 0.000000000000000000e+00 -6.231500000000000483e+00 1.845499999999999918e+00 -1.999999999999999778e+00 7.065258765601184956e-16 -1.108500000000000041e+00 4.258499999999999730e+00 -2.000000000000000000e+00 0.000000000000000000e+00 1.895199481790123031e+01 2.611721025000000296e+01 2.471475119684499955e+00 3.405870250000000876e+00 1.315956237345678481e+01 1.813482224999999559e+01
2.000000000000000000e+00 1.431850000000000023e+01 9.597500000000000142e+00 -2.000000000000000000e+00 0.000000000000000000e+00 -2.688500000000000334e+00 1.132500000000000062e+00 -2.000000000000000000e+00 6.114846855675713925e-16 -6.295000000000001705e-01 7.266499999999999737e+00 -2.000000000000000000e+00 0.000000000000000000e+00 6.684122264231822896e+01 9.211200625000000741e+01 9.306889660493823380e-01 1.282556249999999620e+00 3.831587074108366409e+01 5.280202225000000027e+01
2.000000000000000000e+00 9.750000000000000000e+00 3.076000000000000068e+00 -2.000000000000000000e+00 4.882713093786643625e-16 1.094900000000000162e+01 1.713000000000000078e+00 -2.000000000000000000e+00 -1.501920875284982903e-15 7.237499999999998934e+00 1.568499999999999783e+00 -2.000000000000000000e+00 8.631333859634526532e-16 6.865952680384085127e+00 9.461775999999996856e+00 2.129329493827157194e+00 2.934368999999998007e+00 1.785242387174209355e+00 2.460192249999997749e+00
2.000000000000000000e+00 2.491349999999999909e+01 4.875500000000000611e+00 -2.000000000000000000e+00 1.103583571104232138e-15 -5.247999999999999332e+00 3.669999999999999485e+00 -2.000000000000000000e+00 -3.593618908494984645e-16 1.667800000000000082e+01 1.855000000000000426e+00 -2.000000000000000000e+00 0.000000000000000000e+00 1.724910100445817918e+01 2.377050025000001909e+01 9.773728532235939070e+00 1.346889999999999965e+01 2.496985219478738749e+00 3.441025000000001555e+00
2.000000000000000000e+00 -1.143000000000000016e+00 7.200000000000006395e-02 -2.000000000000000000e+00 0.000000000000000000e+00 -2.006000000000000227e+00 6.180000000000001048e-01 -2.000000000000000000e+00 1.058345146882863480e-15 -5.746500000000000163e+00 1.350500000000000256e+00 -2.000000000000000000e+00 0.000000000000000000e+00 3.761777777777783154e-03 5.184000000000009781e-03 2.771437530864200305e-01 3.819240000000003743e-01 1.323479811042524101e+00 1.823850250000000894e+00
2.000000000000000000e+00 7.749000000000000554e+00 2.051000000000000156e+00 -2.000000000000000000e+00 0.000000000000000000e+00 7.482499999999999929e+00 1.983499999999999819e+00 -2.000000000000000000e+00 -6.828964463614227199e-16 1.580600000000000094e+01 3.361000000000000654e+00 -2.000000000000000000e+00 0.000000000000000000e+00 3.052526651577502914e+00 4.206601000000000923e+00 2.854910864540466608e+00 3.934272250000000692e+00 8.197193153635119245e+00 1.129632100000000428e+01
2.000000000000000000e+00 1.786000000000000032e+00 2.710000000000000187e-01 -1.999999999999999778e+00 -1.220254502744668598e-15 1.457500000000000018e+00 4.549999999999997796e-02 -1.999999999999999778e+00 -7.337637833297830892e-15 2.786999999999999922e+00 1.004999999999999893e+00 -2.000000000000000000e+00 0.000000000000000000e+00 5.329257750342929895e-02 7.344099999999996464e-02 1.502280178326464641e-03 2.070249999999990501e-03 7.329262345679009583e-01 1.010024999999999729e+00
2.000000000000000000e+00 1.257100000000000151e+01 4.067000000000001059e+00 -2.000000000000000000e+00 -7.393766422444879618e-16 -1.882500000000000062e+00 4.014499999999999957e+00 -2.000000000000000000e+00 0.000000000000000000e+00 5.279499999999999638e+00 1.110500000000000043e+00 -2.000000000000000000e+00 0.000000000000000000e+00 1.200263193552811991e+01 1.654048900000000444e+01 1.169475339128943503e+01 1.611621024999999818e+01 8.948809633058985025e-01 1.233210250000000174e+00
2.000000000000000000e+00 1.000000000000000000e+01 2.813000000000000167e+00 -1.999999999999999778e+00 4.788199824055510264e-16 4.517999999999999794e+00 4.850999999999999979e+00 -2.000000000000000000e+00 0.000000000000000000e+00 6.506499999999999950e+00 4.234999999999997655e-01 -2.000000000000000000e+00 0.000000000000000000e+00 5.742058437585730424e+00 7.912968999999999475e+00 1.707617877777777338e+01 2.353220100000000059e+01 1.301472431412892539e-01 1.793522499999998243e-01
2.000000000000000000e+00 2.806500000000000128e+01 2.469999999999998863e-01 -2.000000000000000000e+00 0.000000000000000000e+00 3.821000000000000174e+00 6.002000000000000668e+00 -2.000000000000000000e+00 0.000000000000000000e+00 5.598499999999999588e+00 2.952500000000000124e+00 -2.000000000000000000e+00 4.141062106620118548e-16 4.427127709190667448e-02 6.100899999999994522e-02 2.614087533058985002e+01 3.602400400000001213e+01 6.325690749314126116e+00 8.717256249999998374e+00
2.000000000000000000e+00 4.378000000000000114e+00 3.463000000000000078e+00 -2.000000000000000000e+00 0.000000000000000000e+00 -9.253000000000000114e+00 7.729999999999996874e-01 -2.000000000000000000e+00 0.000000000000000000e+00 -2.928499999999999659e+00 4.449999999999998401e-02 -1.999999999999999778e+00 -1.491804756394877810e-14 8.702281482853221561e+00 1.199236900000000183e+01 4.335978614540462739e-01 5.975289999999995327e-01 1.436971536351181128e-03 1.980250000000015852e-03
2.000000000000000000e+00 1.145800000000000018e+01 8.320999999999999730e+00 -2.000000000000000000e+00 0.000000000000000000e+00 -5.438500000000000334e+00 3.416500000000000092e+00 -1.999999999999999778e+00 1.781746558502187718e-16 4.159999999999999254e-01 2.987999999999999989e+00 -2.000000000000000000e+00 0.000000000000000000e+00 5.024341932647460141e+01 6.923904099999998607e+01 8.470147901577499638e+00 1.167247225000000199e+01 6.478721777777776580e+00 8.928143999999999636e+00
2.000000000000000000e+00 1.398049999999999926e+01 3.365000000000000213e-01 -2.000000000000000000e+00 7.921807747915773131e-15 4.777999999999999581e+00 3.850999999999999979e+00 -2.000000000000000000e+00 1.866211696220024811e-16 3.495999999999999996e+00 2.281000000000000139e+00 -2.000000000000000000e+00 2.993535083239290093e-16 8.216716083676320337e-02 1.132322500000005200e-01 1.076155875034293352e+01 1.483020100000000063e+01 3.775536857338819274e+00 5.202960999999998393e+00
2.000000000000000000e+00 2.694800000000000040e+01 5.204000000000000625e+00 -2.000000000000000000e+00 0.000000000000000000e+00 1.533499999999999641e+00 6.996499999999999275e+00 -2.000000000000000000e+00 0.000000000000000000e+00 3.181499999999999773e+00 2.286500000000000199e+00 -2.000000000000000000e+00 2.228988636194496246e-16 1.965181737174210852e+01 2.708161600000001101e+01 3.552137925960217757e+01 4.895101224999999090e+01 3.793766132030176763e+00 5.228082249999999931e+00
2.000000000000000000e+00 3.891000000000000014e+00 3.742999999999999883e+00 -2.000000000000000000e+00 1.354973253226256670e-16 -8.823999999999999844e+00 1.173999999999999488e+00 -2.000000000000000000e+00 0.000000000000000000e+00 -6.734999999999999876e-01 9.254999999999999893e-01 -2.000000000000000000e+00 0.000000000000000000e+00 1.016641415775034041e+01 1.401004899999999864e+01 1.000148153635115555e+00 1.378275999999998724e+00 6.215570401234565834e-01 8.565502500000000685e-01
2.000000000000000000e+00 9.522000000000000242e+00 6.086999999999999744e+00 -2.000000000000000000e+00 0.000000000000000000e+00 -7.193500000000000227e+00 2.451499999999999790e+00 -2.000000000000000000e+00 5.425590768495918289e-16 -2.766000000000000014e+00 5.419999999999998153e-01 -2.000000000000000000e+00 0.000000000000000000e+00 2.688652949382714752e+01 3.705156900000000064e+01 4.361058765775031709e+00 6.009852249999997120e+00 2.131703100137172235e-01 2.937639999999998586e-01
2.000000000000000000e+00 1.827600000000000335e+01 1.083000000000000185e+00 -2.000000000000000444e+00 -4.981954027170946485e-15 7.898500000000000298e+00 2.857499999999999929e+00 -2.000000000000000000e+00 0.000000000000000000e+00 4.349999999999999978e-01 5.969999999999999751e-01 -2.000000000000000000e+00 0.000000000000000000e+00 8.511087530864165362e-01 1.172888999999997406e+00 5.925167361111109976e+00 8.165306249999998656e+00 2.586287530864196937e-01 3.564089999999999758e-01
2.000000000000000000e+00 2.556949999999999790e+01 5.090500000000000469e+00 -2.000000000000000000e+00 1.077305492664568977e-15 2.055000000000000160e-01 1.922500000000000098e+00 -2.000000000000000000e+00 0.000000000000000000e+00 -3.624499999999999833e+00 1.180499999999999883e+00 -2.000000000000000000e+00 0.000000000000000000e+00 1.880394738305896496e+01 2.591319024999999243e+01 2.682012765775033891e+00 3.696006250000000826e+00 1.011253706790123053e+00 1.393580249999999854e+00
2.000000000000000000e+00 -1.618500000000000050e+00 7.269499999999999851e+00 -2.000000000000000000e+00 0.000000000000000000e+00 -1.083099999999999952e+01 3.374999999999999556e+00 -1.999999999999999778e+00 -3.696569432598399784e-16 -1.525500000000000078e+00 6.585000000000000853e-01 -2.000000000000000000e+00 0.000000000000000000e+00 3.834751495507543950e+01 5.284563025000000636e+01 8.265624999999992895e+00 1.139062499999999645e+01 3.146586697530864285e-01 4.336222500000001534e-01
2.000000000000000000e+00 1.468350000000000044e+01 4.893500000000001293e+00 -2.000000000000000000e+00 0.000000000000000000e+00 -1.051149999999999984e+01 2.238500000000000156e+00 -2.000000000000000000e+00 0.000000000000000000e+00 9.284999999999999920e-01 1.151499999999999968e+00 -2.000000000000000000e+00 0.000000000000000000e+00 1.737670102914952608e+01 2.394634225000001493e+01 3.636154609396432758e+00 5.010882250000001648e+00 9.621793419067213859e-01 1.325952249999999832e+00
2.000000000000000000e+00 2.226200000000000045e+01 6.080999999999999517e+00 -2.000000000000000000e+00 0.000000000000000000e+00 8.033500000000000085e+00 3.133499999999999730e+00 -2.000000000000000000e+00 0.000000000000000000e+00 2.120000000000000218e-01 2.550000000000000044e-01 -2.000000000000000000e+00 0.000000000000000000e+00 2.683355112345677895e+01 3.697856099999999913e+01 7.125043854938270194e+00 9.818822249999996643e+00 4.718549382716048096e-02 6.502500000000001334e-02
2.000000000000000000e+00 1.616850000000000165e+01 3.863500000000000156e+00 -2.000000000000000000e+00 -1.416919882363550708e-15 7.499999999999973355e-02 4.438000000000000611e+00 -2.000000000000000000e+00 0.000000000000000000e+00 -2.890000000000000124e+00 9.360000000000000542e-01 -2.000000000000000000e+00 3.384719568602103848e-16 1.083153423902607315e+01 1.492663225000001326e+01 1.429232026886145235e+01 1.969584400000000812e+01 6.357404444444445524e-01 8.760960000000003189e-01
2.000000000000000000e+00 -7.382499999999999396e+00 9.171499999999998209e+00 -2.000000000000000000e+00 2.947264214267720559e-16 -7.755499999999999616e+00 5.521499999999999631e+00 -2.000000000000000000e+00 0.000000000000000000e+00 -2.413499999999999979e+00 7.515000000000000568e-01 -2.000000000000000000e+00 0.000000000000000000e+00 6.103920724314126289e+01 8.411641224999996780e+01 2.212291224999999528e+01 3.048696224999999416e+01 4.098133611111110519e-01 5.647522500000001777e-01
2.000000000000000000e+00 1.914450000000000074e+01 1.282500000000000639e+00 -1.999999999999999778e+00 -4.105184790037988490e-15 -8.615000000000000213e+00 2.884999999999999787e+00 -2.000000000000000000e+00 0.000000000000000000e+00 -1.949999999999996181e-02 1.521500000000000075e+00 -2.000000000000000000e+00 0.000000000000000000e+00 1.193556249999997210e+00 1.644806249999997583e+00 6.039761351165977565e+00 8.323225000000000762e+00 1.679856008573388015e+00 2.314962250000000221e+00
2.000000000000000000e+00 2.473300000000000054e+01 5.141999999999999460e+00 -2.000000000000000000e+00 0.000000000000000000e+00 7.573500000000000121e+00 1.557500000000000107e+00 -2.000000000000000000e+00 0.000000000000000000e+00 1.965000000000001190e-01 2.379500000000000171e+00 -2.000000000000000000e+00 0.000000000000000000e+00 1.918634671604937481e+01 2.644016399999999578e+01 1.760290132030178478e+00 2.425806250000000386e+00 4.108653926268861944e+00 5.662020250000001198e+00
2.000000000000000000e+00 1.125549999999999962e+01 7.904999999999997584e-01 -2.000000000000000000e+00 0.000000000000000000e+00 -2.870999999999999996e+00 2.149999999999999911e+00 -2.000000000000000000e+00 0.000000000000000000e+00 -3.059500000000000330e+00 1.787500000000000089e+00 -2.000000000000000000e+00 1.555113406425961014e-16 4.534525956790119716e-01 6.248902499999997584e-01 3.354324417009601156e+00 4.622500000000000497e+00 2.318570173182441074e+00 3.195156250000001030e+00
2.000000000000000000e+00 -7.899499999999999744e+00 5.755499999999999616e+00 -2.000000000000000000e+00 0.000000000000000000e+00 -4.191000000000000725e+00 4.465000000000000746e+00 -2.000000000000000000e+00 3.192903591978866672e-16 -8.049999999999999378e-01 1.707999999999999963e+00 -2.000000000000000000e+00 0.000000000000000000e+00 2.403777469444443682e+01 3.312578024999999826e+01 1.446675312071330488e+01 1.993622500000001097e+01 2.116917223593963726e+00 2.917263999999999857e+00
2.000000000000000000e+00 2.183549999999999969e+01 3.374999999999985789e-01 -2.000000000000000000e+00 0.000000000000000000e+00 -5.001999999999999780e+00 4.328999999999999737e+00 -2.000000000000000000e+00 0.000000000000000000e+00 -1.639000000000000012e+00 2.219999999999999751e-01 -2.000000000000000000e+00 0.000000000000000000e+00 8.265624999999927891e-02 1.139062499999990569e-01 1.359888544444443781e+01 1.874024099999999748e+01 3.576301234567898918e-02 4.928400000000000142e-02
2.000000000000000000e+00 2.257949999999999946e+01 5.850500000000000256e+00 -2.000000000000000000e+00 0.000000000000000000e+00 7.870499999999999829e+00 5.424999999999999822e-01 -2.000000000000000000e+00 2.433767271721222908e-15 -3.066500000000000004e+00 1.596500000000000252e+00 -2.000000000000000000e+00 -3.274045474697885747e-16 2.483785635425239846e+01 3.422835025000000542e+01 2.135637945816181993e-01 2.943062499999996584e-01 1.849549629972565556e+00 2.548812250000000557e+00
2.000000000000000000e+00 1.331400000000000006e+01 4.079999999999999183e+00 -2.000000000000000000e+00 -6.277127714595955028e-16 -5.121000000000000441e+00 2.143000000000000238e+00 -1.999999999999999778e+00 2.707415795915741186e-16 -2.229499999999999815e+00 2.849999999999996980e-02 -1.999999999999999778e+00 -2.334459813700281477e-14 1.207948641975308668e+01 1.664640000000000342e+01 3.332517861454044716e+00 4.592448999999999337e+00 5.894104938271482914e-04 8.122499999999875696e-04
2.000000000000000000e+00 -9.400499999999999190e+00 1.857499999999999485e+00 -1.999999999999999778e+00 -6.929210484508294666e-16 -3.945500000000000007e+00 2.640500000000000291e+00 -2.000000000000000000e+00 0.000000000000000000e+00 -2.203999999999999737e+00 6.999999999999895195e-03 -2.000000000000000000e+00 -9.507512673262980566e-14 2.503720173182441222e+00 3.450306250000000130e+00 5.059417136145405003e+00 6.972240250000002248e+00 3.555692729766431718e-05 4.899999999999589200e-05
2.000000000000000000e+00 2.407849999999999824e+01 6.875000000000000000e-01 -2.000000000000000000e+00 0.000000000000000000e+00 -7.704499999999999460e+00 3.994499999999999940e+00 -2.000000000000000000e+00 -3.344445952845823389e-16 2.800499999999999989e+00 4.959500000000000242e+00 -2.000000000000000000e+00 0.000000000000000000e+00 3.429837534293552204e-01 4.726562500000000555e-01 1.157851852160493422e+01 1.595603024999999597e+01 1.784859079869683995e+01 2.459664025000000365e+01
2.000000000000000000e+00 1.728450000000000131e+01 7.363500000000000156e+00 -1.999999999999999778e+00 -7.118644770957112287e-16 5.371500000000000163e+00 3.532500000000000195e+00 -2.000000000000000000e+00 -2.417881160090135192e-16 1.322850000000000037e+01 2.288499999999999979e+00 -2.000000000000000000e+00 -1.259784869173853232e-15 3.934565015123453691e+01 5.422113224999998948e+01 9.055084027777775546e+00 1.247855625000000224e+01 3.800405843964330010e+00 5.237232249999997258e+00
2.000000000000000000e+00 8.195500000000000895e+00 1.761500000000000288e+00 -2.000000000000000000e+00 -7.312481629036257463e-16 -3.107999999999999652e+00 1.910000000000000586e-01 -2.000000000000000000e+00 -3.547684727898876897e-15 1.272499999999999964e+00 7.635000000000000675e-01 -2.000000000000000000e+00 2.494497687297798018e-16 2.251611399519891865e+00 3.102882250000002617e+00 2.647249519890269159e-02 3.648100000000009668e-02 4.230057067901233370e-01 5.829322499999999296e-01
2.000000000000000000e+00 -1.122500000000000053e+00 4.115000000000000324e-01 -1.999999999999999778e+00 3.983278937278327527e-16 -2.325999999999999623e+00 1.058999999999999941e+00 -2.000000000000000000e+00 -5.608847084319508023e-16 -4.217499999999999361e+00 1.007499999999999840e+00 -2.000000000000000000e+00 -1.302735690279544626e-15 1.228762143347050112e-01 1.693322500000000175e-01 8.138044567901228099e-01 1.121480999999999728e+00 7.365771690672157090e-01 1.015056250000000437e+00
