2.000000000000000000e+00 4.464999999999999858e+00 4.649999999999998579e-01 -2.000000000000000000e+00 0.000000000000000000e+00 -7.363999999999999879e+00 1.429999999999997939e-01 -2.000000000000000000e+00 0.000000000000000000e+00 -9.640000000000000790e-01 4.100000000000000311e-01 -2.000000000000000000e+00 0.000000000000000000e+00 1.569040123456788838e-01 2.162249999999998895e-01 1.483884910836757998e-02 2.044899999999994639e-02 1.219820301783264560e-01 1.681000000000000549e-01
2.000000000000000000e+00 6.540000000000000036e+00 1.799999999999997158e-01 -2.000000000000000000e+00 0.000000000000000000e+00 -6.702999999999999403e+00 4.369999999999998330e-01 -2.000000000000000000e+00 -3.076434410024564510e-15 -6.400000000000000133e-02 3.600000000000000422e-02 -2.000000000000000000e+00 0.000000000000000000e+00 2.351111111111103130e-02 3.239999999999990110e-02 1.385769561042519415e-01 1.909689999999995280e-01 9.404444444444445958e-04 1.296000000000000277e-03
2.000000000000000000e+00 8.002499999999999503e+00 1.814999999999997726e-01 -2.000000000000000000e+00 0.000000000000000000e+00 -7.128000000000000114e+00 3.020000000000000462e-01 -2.000000000000000000e+00 4.471649712497841331e-15 -6.654999999999999805e-01 8.750000000000002220e-02 -2.000000000000000000e+00 0.000000000000000000e+00 2.390459567901227766e-02 3.294224999999992298e-02 6.618232647462299334e-02 9.120400000000027096e-02 5.555769890260632907e-03 7.656250000000004198e-03
2.000000000000000000e+00 7.153999999999999915e+00 7.480000000000002203e-01 -2.000000000000000000e+00 0.000000000000000000e+00 -5.551999999999999602e+00 1.071999999999999620e+00 -1.999999999999999556e+00 -1.261693627108145114e-15 -6.704999999999999849e-01 3.795000000000000040e-01 -1.999999999999999778e+00 -1.904347348252095555e-16 4.060049602194788498e-01 5.595040000000004454e-01 8.339071824416994794e-01 1.149183999999998429e+00 1.045085216049382315e-01 1.440202500000000163e-01
2.000000000000000000e+00 1.476050000000000040e+01 7.239499999999999602e+00 -1.999999999999999778e+00 -1.498147153451439041e-16 -8.609500000000000597e+00 5.911500000000000199e+00 -2.000000000000000000e+00 0.000000000000000000e+00 -2.510000000000000009e-01 3.369999999999999662e-01 -2.000000000000000000e+00 0.000000000000000000e+00 3.803166059293551626e+01 5.241036024999999654e+01 2.535849829938271327e+01 3.494583225000000226e+01 8.241152400548691637e-02 1.135689999999999894e-01
2.000000000000000000e+00 5.739499999999999602e+00 3.168499999999999872e+00 -2.000000000000000000e+00 1.675291298638146935e-16 -5.656000000000000583e+00 2.167000000000000259e+00 -1.999999999999999778e+00 6.109723028470345314e-16 6.390000000000000124e-01 7.949999999999999289e-01 -1.999999999999999778e+00 -3.314363235348365009e-16 7.285100823388198421e+00 1.003939224999999702e+01 3.407579260631003137e+00 4.695889000000002866e+00 4.586299382716049755e-01 6.320249999999999480e-01
2.000000000000000000e+00 -1.691999999999999726e+00 2.673999999999999488e+00 -2.000000000000000000e+00 -2.787194384968893178e-16 -2.749000000000000110e+00 2.217000000000000082e+00 -2.000000000000000000e+00 0.000000000000000000e+00 -2.203500000000000014e+00 1.086500000000000021e+00 -2.000000000000000000e+00 0.000000000000000000e+00 5.188609058984908984e+00 7.150276000000000742e+00 3.566642086419752555e+00 4.915089000000000929e+00 8.566188069272975270e-01 1.180482250000000288e+00
2.000000000000000000e+00 1.317300000000000004e+01 1.358000000000000540e+00 -2.000000000000000000e+00 0.000000000000000000e+00 -4.442999999999999616e+00 2.016000000000000014e+00 -2.000000000000000000e+00 -3.251995142369748588e-16 -5.741500000000000270e+00 4.704999999999999183e-01 -2.000000000000000000e+00 2.864704428587109668e-15 1.338220515775035313e+00 1.844164000000001469e+00 2.949233777777775956e+00 4.064255999999998537e+00 1.606376711248287958e-01 2.213702500000002960e-01
2.000000000000000000e+00 8.137999999999999901e+00 2.553000000000000380e+00 -1.999999999999999778e+00 4.270097184464400246e-16 -3.817500000000000338e+00 5.158500000000000085e+00 -2.000000000000000000e+00 0.000000000000000000e+00 1.458499999999999908e+00 5.935000000000000275e-01 -2.000000000000000000e+00 5.310654645314920546e-16 4.729658382716052323e+00 6.517809000000003294e+00 1.930967718827160340e+01 2.661012224999999987e+01 2.556051443758574071e-01 3.522422500000002010e-01
2.000000000000000000e+00 1.097850000000000037e+01 1.123499999999999943e+00 -2.000000000000000000e+00 0.000000000000000000e+00 -1.214600000000000080e+01 2.861999999999999211e+00 -1.999999999999999778e+00 8.335161314319169353e-16 -4.923999999999999488e+00 5.349999999999996980e-01 -2.000000000000000000e+00 -2.537563554055199350e-15 9.159553364197529080e-01 1.262252249999999743e+00 5.943843999999998573e+00 8.191044000000001546e+00 2.076996227709183573e-01 2.862249999999992855e-01
2.000000000000000000e+00 6.260000000000000009e-01 2.035000000000000142e+00 -2.000000000000000000e+00 0.000000000000000000e+00 -9.026500000000000412e+00 5.045000000000001705e-01 -2.000000000000000000e+00 0.000000000000000000e+00 1.400000000000001243e-02 6.169999999999999929e-01 -2.000000000000000000e+00 0.000000000000000000e+00 3.005086454046638433e+00 4.141225000000001266e+00 1.846930209190672800e-01 2.545202500000002255e-01 2.762475733882029383e-01 3.806890000000000551e-01
2.000000000000000000e+00 7.894999999999999574e+00 1.512999999999999901e+00 -2.000000000000000000e+00 0.000000000000000000e+00 -1.212650000000000006e+01 1.515000000000004121e-01 -2.000000000000000000e+00 0.000000000000000000e+00 -1.885999999999999899e+00 2.022000000000000242e+00 -2.000000000000000000e+00 -3.223131449343077374e-16 1.661139096021947426e+00 2.289168999999999787e+00 1.665533641975317294e-02 2.295225000000012533e-02 2.966814864197530710e+00 4.088484000000001117e+00
2.000000000000000000e+00 1.181299999999999883e+01 1.049000000000000377e+00 -1.999999999999999556e+00 2.596853975613079086e-15 -8.218499999999998806e+00 3.372499999999999609e+00 -1.999999999999999778e+00 -7.409592432309085724e-16 -1.407999999999999918e+00 3.199999999999999512e-01 -2.000000000000000000e+00 -1.058791184067876015e-15 7.985077215363532988e-01 1.100401000000002405e+00 8.253384164951990343e+00 1.137375625000000312e+01 7.430672153635119181e-02 1.024000000000000327e-01
2.000000000000000000e+00 1.091799999999999926e+01 3.200000000000000178e+00 -2.000000000000000000e+00 8.673617379884033500e-16 -1.267150000000000176e+01 3.515499999999999847e+00 -1.999999999999999778e+00 7.359383093371077489e-16 -3.024999999999999911e-01 5.024999999999999467e-01 -2.000000000000000000e+00 -3.281204505799972236e-16 7.430672153635111243e+00 1.023999999999999666e+01 8.968139358367631431e+00 1.235874025000000920e+01 1.832315586419753228e-01 2.525062500000000987e-01
2.000000000000000000e+00 2.629999999999999893e+00 1.040000000000000036e+00 -2.000000000000000000e+00 2.960952678613121326e-16 -9.102000000000000313e+00 7.569999999999996732e-01 -2.000000000000000000e+00 0.000000000000000000e+00 -2.735000000000000209e-01 1.784999999999999920e-01 -2.000000000000000000e+00 3.050110648491715262e-16 7.848647462277087428e-01 1.081599999999999895e+00 4.158339108367621884e-01 5.730489999999995865e-01 2.312089197530864393e-02 3.186225000000000862e-02
2.000000000000000000e+00 6.640500000000000291e+00 5.407499999999999751e+00 -1.999999999999999778e+00 -2.696198544066681383e-16 -1.413950000000000173e+01 3.291500000000000092e+00 -1.999999999999999778e+00 7.970188940077162073e-16 1.057999999999999829e+00 1.479999999999999760e+00 -1.999999999999999778e+00 2.054832064410962074e-16 2.121881859567900364e+01 2.924105624999999975e+01 7.861689053840871466e+00 1.083397224999999509e+01 1.589467215363510766e+00 2.190399999999999459e+00
2.000000000000000000e+00 9.925499999999999545e+00 3.105000000000002203e-01 -2.000000000000000000e+00 8.518493121101039524e-15 -8.291499999999999204e+00 5.454999999999996518e-01 -1.999999999999999778e+00 -4.873161828457811792e-15 -3.767999999999999794e+00 1.494999999999999885e+00 -1.999999999999999556e+00 -4.651732018366369436e-16 6.996024999999962690e-02 9.641024999999965595e-02 2.159323213305886502e-01 2.975702499999988704e-01 1.621849417009601835e+00 2.235025000000000706e+00
2.000000000000000000e+00 1.338100000000000023e+01 2.349000000000000199e+00 -2.000000000000000000e+00 0.000000000000000000e+00 -1.795400000000000063e+01 3.733000000000000540e+00 -2.000000000000000000e+00 0.000000000000000000e+00 -3.100999999999999979e+00 3.091000000000000192e+00 -2.000000000000000000e+00 0.000000000000000000e+00 4.004000999999999699e+00 5.517801000000000400e+00 1.011216444581618745e+01 1.393528900000000625e+01 6.933079079561041524e+00 9.554281000000003132e+00
2.000000000000000000e+00 6.435000000000000497e+00 7.219999999999999751e-01 -2.000000000000000000e+00 -1.917396780194082802e-15 -1.411299999999999955e+01 1.596000000000000085e+00 -2.000000000000000000e+00 0.000000000000000000e+00 2.713000000000000078e+00 7.279999999999998694e-01 -1.999999999999999556e+00 -4.316257548998721038e-16 3.782705569272980517e-01 5.212840000000005247e-01 1.848391308641974762e+00 2.547216000000000591e+00 3.845837256515771130e-01 5.299839999999996776e-01
2.000000000000000000e+00 -2.939999999999999836e-01 9.579999999999999627e-01 -2.000000000000000000e+00 0.000000000000000000e+00 -1.023000000000000131e+00 1.721000000000000085e+00 -2.000000000000000000e+00 0.000000000000000000e+00 8.594999999999999307e-01 1.525000000000000244e-01 -1.999999999999999778e+00 1.039392692484594160e-15 6.659768943758571647e-01 9.177640000000000242e-01 2.149264593964335113e+00 2.961841000000000168e+00 1.687593449931414427e-02 2.325625000000002690e-02
2.000000000000000000e+00 4.608000000000000540e+00 4.239999999999999325e-01 -1.999999999999999778e+00 -3.186109677535202993e-15 -2.713499999999999801e+00 3.450000000000019718e-02 -2.000000000000000000e+00 -1.930718095711256213e-14 1.081850000000000023e+01 1.144999999999996021e-01 -2.000000000000000000e+00 0.000000000000000000e+00 1.304547379972561261e-01 1.797759999999996305e-01 8.637067901234795567e-04 1.190250000000026573e-03 9.513473593964268116e-03 1.311024999999991017e-02
2.000000000000000000e+00 1.051500000000000057e+01 1.416999999999999815e+00 -2.000000000000000000e+00 0.000000000000000000e+00 -3.704499999999999904e+00 1.326499999999999790e+00 -2.000000000000000000e+00 0.000000000000000000e+00 1.374849999999999994e+01 7.164999999999999147e-01 -2.000000000000000000e+00 0.000000000000000000e+00 1.457027820301782572e+00 2.007888999999999591e+00 1.276858148491083256e+00 1.759602249999999479e+00 3.725293830589847532e-01 5.133722499999999744e-01
2.000000000000000000e+00 9.253000000000000114e+00 1.217999999999999972e+00 -2.000000000000000000e+00 0.000000000000000000e+00 -2.937000000000000277e+00 1.999999999999999556e-01 -1.999999999999999778e+00 3.252606517456516063e-15 4.562500000000000000e+00 2.957499999999999574e+00 -2.000000000000000000e+00 -2.746729828978231853e-16 1.076521530864197107e+00 1.483524000000000287e+00 2.902606310013708737e-02 3.999999999999990369e-02 6.347133753429354819e+00 8.746806250000000560e+00
2.000000000000000000e+00 3.345000000000000195e-01 1.003500000000000059e+00 -2.000000000000000000e+00 0.000000000000000000e+00 -5.411999999999999922e+00 5.419999999999998153e-01 -2.000000000000000000e+00 0.000000000000000000e+00 -2.020000000000000018e+00 1.189999999999998836e-01 -2.000000000000000000e+00 2.766545674139759360e-15 7.307400277777776898e-01 1.007012250000000275e+00 2.131703100137172235e-01 2.937639999999998586e-01 1.027595198902606262e-02 1.416099999999999824e-02
2.000000000000000000e+00 1.016150000000000020e+01 1.035000000000003695e-01 -2.000000000000000000e+00 0.000000000000000000e+00 -1.431749999999999901e+01 2.725499999999999368e+00 -1.999999999999999778e+00 -9.651267179802939838e-16 4.819999999999999840e-01 2.570000000000000062e-01 -2.000000000000000000e+00 0.000000000000000000e+00 7.773361111111164873e-03 1.071225000000007588e-02 5.390394077160486574e+00 7.428350249999993160e+00 4.792856104252399968e-02 6.604900000000001048e-02
2.000000000000000000e+00 1.331350000000000122e+01 1.945500000000000007e+00 -1.999999999999999778e+00 -1.326780856130481340e-15 -1.112150000000000105e+01 3.384500000000000064e+00 -2.000000000000000000e+00 7.331057736002919164e-16 -2.776499999999999968e+00 1.785000000000001030e-01 -2.000000000000000000e+00 0.000000000000000000e+00 2.746569632716045817e+00 3.784970249999996650e+00 8.312222897462271831e+00 1.145484024999999484e+01 2.312089197530866475e-02 3.186225000000003638e-02
2.000000000000000000e+00 1.015150000000000041e+01 3.374499999999999833e+00 -2.000000000000000000e+00 -3.698212839257478833e-16 -1.339150000000000063e+01 1.847500000000000142e+00 -2.000000000000000000e+00 0.000000000000000000e+00 8.500000000000007550e-03 4.445000000000000062e-01 -2.000000000000000000e+00 0.000000000000000000e+00 8.263176107338820131e+00 1.138725025000000279e+01 2.476834782235939336e+00 3.413256250000000769e+00 1.433744200960219151e-01 1.975802500000000128e-01
2.000000000000000000e+00 3.949999999999999734e+00 1.093999999999999861e+00 -2.000000000000000000e+00 0.000000000000000000e+00 -1.234100000000000108e+01 4.029999999999995808e-01 -2.000000000000000000e+00 6.573047916449543122e-15 1.287500000000000089e+00 1.388500000000000068e+00 -2.000000000000000000e+00 0.000000000000000000e+00 8.684859314128939856e-01 1.196835999999999789e+00 1.178523470507536058e-01 1.624089999999990541e-01 1.399007078532235937e+00 1.927932250000000458e+00
2.000000000000000000e+00 3.746500000000000163e+00 1.987500000000000044e+00 -2.000000000000000000e+00 -3.393907952996725138e-16 -1.254499999999999993e+01 2.018000000000000682e+00 -2.000000000000000000e+00 0.000000000000000000e+00 1.343500000000000139e+00 1.494500000000000162e+00 -2.000000000000000000e+00 -1.995601042153225852e-16 2.866437114197529112e+00 3.950156250000000036e+00 2.955088334705076480e+00 4.072324000000003608e+00 1.620764749314128839e+00 2.233530250000000716e+00
2.000000000000000000e+00 8.644999999999999574e+00 1.580000000000003624e-01 -2.000000000000000000e+00 1.693244698317643502e-14 -1.010749999999999993e+01 1.044999999999998153e-01 -2.000000000000000000e+00 0.000000000000000000e+00 -4.948999999999999844e+00 1.358000000000000096e+00 -1.999999999999999778e+00 -9.752896171934131411e-16 1.811516598079544738e-02 2.496399999999988212e-02 7.924296639231793310e-03 1.092024999999996124e-02 1.338220515775035313e+00 1.844164000000001469e+00
2.000000000000000000e+00 9.977999999999999758e+00 2.137999999999999901e+00 -2.000000000000000000e+00 0.000000000000000000e+00 -2.025399999999999778e+01 4.096999999999999531e+00 -1.999999999999999778e+00 -1.343184477505538246e-15 -5.083000000000000185e+00 7.919999999999998153e-01 -2.000000000000000000e+00 0.000000000000000000e+00 3.316985289437584861e+00 4.571043999999999663e+00 1.218035851989024110e+01 1.678540899999998715e+01 4.551751111111107528e-01 6.272639999999998217e-01
2.000000000000000000e+00 3.604999999999999538e+00 6.359999999999998987e-01 -2.000000000000000000e+00 9.710048541059664968e-16 -1.093550000000000111e+01 3.494999999999999218e-01 -1.999999999999999778e+00 7.639176860705908424e-15 1.995500000000000274e+00 3.965500000000000469e+00 -2.000000000000000000e+00 -1.709179204775553682e-16 2.935231604938267624e-01 4.044959999999996336e-01 8.863852160493874976e-02 1.221502500000004737e-01 1.141100911145404417e+01 1.572519025000000070e+01
2.000000000000000000e+00 3.364999999999999658e-01 3.755000000000000004e-01 -2.000000000000000000e+00 1.310570605797597051e-16 -8.001000000000001222e+00 2.552999999999999936e+00 -2.000000000000000000e+00 9.607718665044905607e-16 4.284499999999999531e+00 4.514999999999997904e-01 -2.000000000000000000e+00 2.940231934423650827e-15 1.023170538408778724e-01 1.410002499999999659e-01 4.729658382716043441e+00 6.517808999999997077e+00 1.479257067901229572e-01 2.038522499999994853e-01
2.000000000000000000e+00 1.221999999999999886e+01 1.168000000000000149e+00 -2.000000000000000000e+00 2.229624252894869210e-15 -1.571700000000000053e+01 4.368000000000000327e+00 -2.000000000000000000e+00 0.000000000000000000e+00 -1.009500000000000064e+00 5.795000000000000151e-01 -2.000000000000000000e+00 6.418040175543580015e-16 9.899512976680402421e-01 1.364224000000002102e+00 1.384501412345678695e+01 1.907942400000000660e+01 2.436884941700958596e-01 3.358202499999999313e-01
2.000000000000000000e+00 1.256850000000000023e+01 5.084499999999999353e+00 -1.999999999999999778e+00 -5.405619203851664658e-16 -2.073599999999999710e+01 1.272000000000000242e+00 -2.000000000000000000e+00 -4.207687701125850415e-15 -2.311499999999999666e+00 1.738499999999999934e+00 -2.000000000000000000e+00 -4.225870074431987866e-16 1.875964635425238569e+01 2.585214024999998372e+01 1.174092641975312379e+00 1.617984000000004974e+00 2.193196447530862958e+00 3.022382249999999271e+00
2.000000000000000000e+00 3.666999999999999815e+00 7.860000000000002540e-01 -2.000000000000000000e+00 9.145397424395445732e-16 -8.137499999999999289e+00 3.374999999999999112e-01 -2.000000000000000000e+00 -3.880675918011016330e-15 1.389999999999999847e-01 4.439999999999999503e-01 -2.000000000000000000e+00 0.000000000000000000e+00 4.483046419753086154e-01 6.177960000000000118e-01 8.265625000000019484e-02 1.139062500000001948e-01 1.430520493827159567e-01 1.971360000000000057e-01
2.000000000000000000e+00 2.837499999999999911e+00 3.124499999999999833e+00 -2.000000000000000000e+00 0.000000000000000000e+00 -1.350849999999999973e+01 1.598499999999999588e+00 -2.000000000000000000e+00 0.000000000000000000e+00 -1.089999999999999858e-01 1.342000000000000082e+00 -2.000000000000000000e+00 0.000000000000000000e+00 7.084173706790122260e+00 9.762500250000000435e+00 1.854186543552811095e+00 2.555202249999998454e+00 1.306872367626885856e+00 1.800964000000000453e+00
2.000000000000000000e+00 8.257500000000000284e+00 8.405000000000004690e-01 -2.000000000000000000e+00 0.000000000000000000e+00 -1.105450000000000088e+01 1.860499999999999154e+00 -1.999999999999999778e+00 1.448106466231091421e-15 -2.942499999999999893e+00 3.885000000000000675e-01 -2.000000000000000000e+00 0.000000000000000000e+00 5.126294818244174767e-01 7.064402500000007690e-01 2.511814090877914740e+00 3.461460249999999128e+00 1.095242253086419759e-01 1.509322500000000733e-01
2.000000000000000000e+00 9.641999999999999460e+00 5.172000000000000597e+00 -1.999999999999999778e+00 2.054350993827507666e-16 -2.076899999999999835e+01 7.717000000000000526e+00 -2.000000000000000000e+00 -7.421401717623206211e-16 -5.747500000000000497e+00 6.934999999999997833e-01 -2.000000000000000000e+00 1.913985654037761430e-15 1.941087782716049759e+01 2.674958400000000225e+01 4.321406732647464111e+01 5.955208900000003069e+01 3.489965024005478589e-01 4.809422499999992384e-01
2.000000000000000000e+00 2.369999999999999885e-01 4.689999999999999725e-01 -2.000000000000000000e+00 0.000000000000000000e+00 -6.793000000000001037e+00 2.558000000000000274e+00 -2.000000000000000000e+00 4.245106433477151570e-16 -3.092499999999999805e+00 1.441499999999999782e+00 -1.999999999999999778e+00 -1.482607801192007775e-16 1.596150466392317613e-01 2.199609999999999344e-01 4.748202408779151007e+00 6.543364000000004843e+00 1.507847558641975061e+00 2.077922250000000304e+00
2.000000000000000000e+00 5.873499999999999943e+00 1.248499999999999943e+00 -2.000000000000000000e+00 0.000000000000000000e+00 -1.993099999999999739e+01 4.416999999999999815e+00 -2.000000000000000000e+00 -1.236799397680126143e-15 1.694999999999999840e+00 2.604999999999999982e+00 -2.000000000000000000e+00 0.000000000000000000e+00 1.131111029149519442e+00 1.558752250000000172e+00 1.415738172976681142e+01 1.950988900000001536e+01 4.924289746227707987e+00 6.786025000000000418e+00
2.000000000000000000e+00 1.750999999999999890e+00 3.170000000000000595e-01 -1.999999999999999778e+00 9.802231933662219284e-16 -8.684499999999999886e+00 7.955000000000000959e-01 -2.000000000000000000e+00 -1.654058788814839754e-15 2.008499999999999730e+00 1.000499999999999945e+00 -2.000000000000000000e+00 6.651356124216102980e-16 7.292000137174219077e-02 1.004890000000000921e-01 4.592070126886139692e-01 6.328202499999996400e-01 7.263774104938264253e-01 1.001000249999999481e+00
2.000000000000000000e+00 6.689000000000000057e+00 9.479999999999999538e-01 -2.000000000000000000e+00 -1.368278544095075060e-15 -1.311200000000000010e+01 7.294999999999999929e+00 -2.000000000000000000e+00 0.000000000000000000e+00 -5.730999999999999872e+00 4.420000000000001705e-01 -2.000000000000000000e+00 0.000000000000000000e+00 6.521459753086410460e-01 8.987039999999993922e-01 3.861701814128942800e+01 5.321702499999999958e+01 1.417661947873800343e-01 1.953640000000001764e-01
2.000000000000000000e+00 8.184000000000001052e+00 1.712000000000000188e+00 -1.999999999999999778e+00 -7.080255452162930413e-16 -1.373249999999999993e+01 5.665499999999999758e+00 -2.000000000000000000e+00 0.000000000000000000e+00 -5.094000000000000306e+00 2.019999999999999574e-01 -2.000000000000000000e+00 0.000000000000000000e+00 2.126844137174212168e+00 2.930944000000002436e+00 2.329188469444444110e+01 3.209789024999999896e+01 2.960948696844991485e-02 4.080399999999998611e-02
2.000000000000000000e+00 3.977500000000000036e+00 8.450000000000024158e-02 -2.000000000000000000e+00 0.000000000000000000e+00 -7.076500000000000234e+00 2.063500000000000334e+00 -2.000000000000000000e+00 0.000000000000000000e+00 -1.864500000000000046e+00 1.674999999999999822e-01 -2.000000000000000000e+00 0.000000000000000000e+00 5.181333676268889618e-03 7.140250000000041529e-03 3.089847819272977247e+00 4.258032250000002072e+00 2.035906207133057755e-02 2.805624999999999786e-02
2.000000000000000000e+00 3.177000000000000046e+00 1.010000000000000231e+00 -2.000000000000000000e+00 0.000000000000000000e+00 -1.463599999999999923e+01 3.129000000000000448e+00 -2.000000000000000000e+00 -8.697707172267891679e-16 9.051000000000000156e+00 2.154999999999999805e+00 -2.000000000000000000e+00 -6.212357405334384836e-16 7.402371742112484609e-01 1.020100000000000229e+00 7.104594086419749210e+00 9.790640999999999039e+00 3.369944067215363770e+00 4.644025000000000958e+00
2.000000000000000000e+00 2.220000000000000195e+00 1.057000000000000162e+00 -2.000000000000000000e+00 -2.820372832257498534e-16 -8.977499999999999147e+00 1.250000000000017764e-02 -2.000000000000000000e+00 -2.131541471106410588e-13 -3.155000000000000249e+00 8.049999999999999378e-01 -1.999999999999999778e+00 8.512998954061570352e-16 8.107334993141290802e-01 1.117249000000000159e+00 1.133830589849329676e-04 1.562500000000233678e-04 4.702403635116594316e-01 6.480249999999996291e-01
2.000000000000000000e+00 7.451999999999999957e+00 8.520000000000003126e-01 -2.000000000000000000e+00 0.000000000000000000e+00 -2.551299999999999812e+01 1.063000000000000611e+00 -2.000000000000000000e+00 -4.991191075263145419e-15 -3.826499999999999790e+00 2.223499999999999588e+00 -2.000000000000000000e+00 -2.423874167275677166e-16 5.267533827160496562e-01 7.259040000000005488e-01 8.199637873799701104e-01 1.129968999999998225e+00 3.587586749314128465e+00 4.943952250000000603e+00
2.000000000000000000e+00 4.363500000000000156e+00 1.119499999999999718e+00 -2.000000000000000000e+00 -5.539058808218377701e-16 -8.046499999999999986e+00 7.375000000000002665e-01 -2.000000000000000000e+00 -1.799026300621055048e-15 -3.414499999999999869e+00 9.500000000000063949e-03 -2.000000000000000000e+00 0.000000000000000000e+00 9.094447904663911508e-01 1.253280249999999096e+00 3.946864283264753803e-01 5.439062500000010347e-01 6.549005486968537213e-05 9.025000000000120437e-05
2.000000000000000000e+00 2.573000000000000398e+00 1.779000000000000137e+00 -2.000000000000000000e+00 -3.943777284625640591e-16 -1.940249999999999986e+01 8.125000000000000000e-01 -2.000000000000000000e+00 0.000000000000000000e+00 3.729999999999999982e+00 2.326000000000000068e+00 -2.000000000000000000e+00 0.000000000000000000e+00 2.296571864197531454e+00 3.164841000000001348e+00 4.790434242112482366e-01 6.601562500000001110e-01 3.925975314128943960e+00 5.410276000000000529e+00
3.000000000000000000e+00 5.387999999999999901e+00 1.850000000000000533e-01 -2.000000000000000000e+00 7.260406627585389650e-15 1.000000000000000056e-01 3.900000000000000688e-02 -2.000000000000000000e+00 0.000000000000000000e+00 1.090500000000000114e+01 6.130000000000004334e-01 -2.000000000000000000e+00 -4.337817891558506278e-15 2.483542524005473429e-02 3.422499999999988746e-02 1.103716049382716044e-03 1.521000000000000650e-03 2.726773676268874347e-01 3.757690000000014074e-01
3.000000000000000000e+00 2.218500000000000139e+00 1.563499999999999890e+00 -2.000000000000000000e+00 -2.904802255160974045e-16 1.705999999999999961e+00 5.760000000000000675e-01 -2.000000000000000000e+00 0.000000000000000000e+00 7.338000000000000078e+00 1.509999999999998010e-01 -2.000000000000000000e+00 0.000000000000000000e+00 1.773878683470507589e+00 2.444532250000000406e+00 2.407537777777778165e-01 3.317760000000000709e-01 1.654558161865564078e-02 2.280099999999994284e-02
3.000000000000000000e+00 2.114500000000000046e+00 3.774999999999999467e-01 -2.000000000000000000e+00 0.000000000000000000e+00 3.648500000000000298e+00 3.674999999999999378e-01 -2.000000000000000000e+00 -1.817446222819987886e-15 9.374000000000000554e+00 8.970000000000002416e-01 -2.000000000000000000e+00 0.000000000000000000e+00 1.034098851165980437e-01 1.425062499999999732e-01 9.800378086419733736e-02 1.350562499999998223e-01 5.838657901234570735e-01 8.046090000000004627e-01
3.000000000000000000e+00 3.914499999999999869e+00 2.150000000000007461e-02 -2.000000000000000000e+00 0.000000000000000000e+00 4.579499999999999460e+00 7.334999999999998188e-01 -2.000000000000000000e+00 1.898950517424048993e-15 9.518499999999999517e+00 2.465000000000001634e-01 -2.000000000000000000e+00 1.077115891819426808e-14 3.354324417009625181e-04 4.622500000000031857e-04 3.904166944444436571e-01 5.380222499999991470e-01 4.409222256515817062e-02 6.076225000000045479e-02
3.000000000000000000e+00 4.089999999999999747e-01 9.019999999999999130e-01 -2.000000000000000000e+00 0.000000000000000000e+00 7.704499999999999460e+00 2.665000000000001812e-01 -2.000000000000000000e+00 4.949170043618503303e-15 4.012500000000000178e+00 9.604999999999999094e-01 -2.000000000000000000e+00 -6.890977179881854000e-16 5.903930260630999571e-01 8.136039999999997718e-01 5.153740775034319765e-02 7.102225000000030042e-02 6.694573007544583065e-01 9.225602500000001926e-01
3.000000000000000000e+00 -9.979999999999999982e-01 2.000000000000001776e-02 -2.000000000000000000e+00 0.000000000000000000e+00 8.711500000000000909e+00 2.550000000000007816e-02 -2.000000000000000000e+00 -1.045166284510351168e-13 1.915499999999999980e+00 6.174999999999999378e-01 -2.000000000000000000e+00 0.000000000000000000e+00 2.902606310013721683e-04 4.000000000000007781e-04 4.718549382716462630e-04 6.502500000000426125e-04 2.766954818244169445e-01 3.813062499999999022e-01
3.000000000000000000e+00 -5.888500000000000512e+00 1.768499999999999961e+00 -2.000000000000000000e+00 7.225993026682828404e-16 1.291999999999999815e+00 2.059999999999999609e+00 -2.000000000000000000e+00 3.048034023022649849e-16 -4.696500000000000341e+00 4.045000000000000817e-01 -2.000000000000000000e+00 3.354939150315121332e-15 2.269542249999998429e+00 3.127592249999998408e+00 3.079375034293551305e+00 4.243599999999998040e+00 1.187312925240052025e-01 1.636202499999997451e-01
3.000000000000000000e+00 -1.124350000000000094e+01 5.904999999999995808e-01 -2.000000000000000000e+00 4.448406559845840670e-15 -3.272499999999999964e+00 5.314999999999998614e-01 -2.000000000000000000e+00 0.000000000000000000e+00 -9.779999999999999805e-01 5.929999999999999716e-01 -2.000000000000000000e+00 0.000000000000000000e+00 2.530276299725638389e-01 3.486902499999986471e-01 2.049909468449929995e-01 2.824922499999998338e-01 2.551746515775033530e-01 3.516489999999999894e-01
3.000000000000000000e+00 -9.250499999999998835e+00 2.024999999999996803e-01 -2.000000000000000000e+00 -1.316120708627772320e-14 -3.179000000000000270e+00 3.299999999999998490e-01 -2.000000000000000000e+00 2.027391991291037167e-15 1.206500000000000128e+00 3.850000000000008971e-02 -2.000000000000000000e+00 -8.608869184177104431e-15 2.975625000000021309e-02 4.100625000000017450e-02 7.902345679012323654e-02 1.088999999999997886e-01 1.075597050754455511e-03 1.482249999999999844e-03
3.000000000000000000e+00 -1.372700000000000031e+01 1.647000000000000242e+00 -2.000000000000000000e+00 0.000000000000000000e+00 -7.803500000000000547e+00 1.310500000000000220e+00 -2.000000000000000000e+00 0.000000000000000000e+00 8.780499999999999972e+00 3.475000000000001421e-01 -2.000000000000000000e+00 0.000000000000000000e+00 1.968409000000000075e+00 2.712609000000000936e+00 1.246241457133059338e+00 1.717410250000000582e+00 8.762696330589853089e-02 1.207562500000001204e-01
3.000000000000000000e+00 -9.233999999999999986e+00 3.493000000000000327e+00 -2.000000000000000000e+00 0.000000000000000000e+00 -1.194249999999999901e+01 3.359499999999999709e+00 -2.000000000000000000e+00 -8.432935552197977436e-16 5.725999999999999979e+00 2.359999999999999876e+00 -2.000000000000000000e+00 2.027148025038751239e-16 8.853710454046639811e+00 1.220104900000000292e+01 8.189878041495191496e+00 1.128624024999999342e+01 4.041589026063098444e+00 5.569599999999999440e+00
3.000000000000000000e+00 1.236500000000000021e+01 7.970000000000005969e-01 -2.000000000000000000e+00 0.000000000000000000e+00 1.234799999999999898e+01 9.720000000000004192e-01 -1.999999999999999778e+00 2.780604818713127045e-15 2.039000000000000146e+00 1.533000000000000140e+00 -2.000000000000000000e+00 -3.081653216397185278e-16 4.609404128943763723e-01 6.352090000000010228e-01 6.855840000000018586e-01 9.447840000000022886e-01 1.705345790123456329e+00 2.350089000000000095e+00
3.000000000000000000e+00 1.332000000000000073e+00 3.770000000000000573e-01 -2.000000000000000000e+00 -3.884968047710845317e-16 9.760500000000000398e+00 4.134999999999999787e-01 -2.000000000000000000e+00 -6.477503271923874217e-15 -2.884999999999999787e-01 1.534999999999999976e-01 -2.000000000000000000e+00 -5.995358113431825580e-16 1.031361330589848913e-01 1.421290000000000053e-01 1.240735394375863387e-01 1.709822500000006129e-01 1.709798388203016828e-02 2.356224999999999292e-02
3.000000000000000000e+00 6.550000000000000266e-01 5.809999999999999609e-01 -1.999999999999999778e+00 -2.830426208592182574e-16 8.667999999999999261e+00 1.369999999999995666e-01 -2.000000000000000444e+00 1.948007152998082195e-14 5.360000000000000320e-01 4.059999999999999720e-01 -2.000000000000000000e+00 -4.147363848795303596e-16 2.449516721536350861e-01 3.375610000000001110e-01 1.361975445816198185e-02 1.876900000000009117e-02 1.196135034293552835e-01 1.648360000000000103e-01
3.000000000000000000e+00 6.079999999999999849e-01 3.150000000000000577e-01 -2.000000000000000000e+00 2.220028683857747204e-16 9.438000000000000611e+00 3.810000000000002274e-01 -2.000000000000000000e+00 0.000000000000000000e+00 -4.879999999999999893e-01 5.040000000000000036e-01 -2.000000000000000000e+00 0.000000000000000000e+00 7.200277777777780441e-02 9.922500000000002152e-02 1.053363086419753930e-01 1.451610000000002065e-01 1.843271111111110805e-01 2.540160000000000196e-01
3.000000000000000000e+00 2.132000000000000117e+00 3.760000000000000009e-01 -2.000000000000000000e+00 -9.137444505791744988e-16 9.815000000000001279e+00 1.230000000000002203e-01 -2.000000000000000000e+00 -2.167394059675438761e-14 -7.369999999999999885e-01 2.810000000000000275e-01 -2.000000000000000000e+00 -2.345484411143111120e-16 1.025897174211247292e-01 1.413759999999999462e-01 1.097838271604960510e-02 1.512900000000024121e-02 5.729817421124826921e-02 7.896099999999997565e-02
3.000000000000000000e+00 4.463000000000000078e+00 1.580000000000003624e-01 -2.000000000000000000e+00 0.000000000000000000e+00 1.100700000000000145e+01 1.550000000000002487e-01 -2.000000000000000000e+00 -1.711955630684363807e-14 6.019999999999999796e-01 1.660000000000000087e-01 -2.000000000000000000e+00 4.740411081773038498e-16 1.811516598079568677e-02 2.496400000000011457e-02 1.743377914952017396e-02 2.402500000000031347e-02 1.999605486968450418e-02 2.755600000000001798e-02
3.000000000000000000e+00 1.489500000000000046e+00 4.964999999999999969e-01 -2.000000000000000000e+00 -3.401603886470165443e-16 9.355000000000000426e+00 4.189999999999995950e-01 -1.999999999999999778e+00 -6.414415538542361579e-15 -1.869999999999999996e-01 2.379999999999999893e-01 -2.000000000000000000e+00 0.000000000000000000e+00 1.788820030864197719e-01 2.465122500000001271e-01 1.273961165980799226e-01 1.755610000000003279e-01 4.110380795610425048e-02 5.664399999999999297e-02
3.000000000000000000e+00 -2.700499999999999901e+00 1.734999999999999876e-01 -2.000000000000000000e+00 -3.819703554330572118e-15 7.522000000000000242e+00 1.040000000000000924e-01 -2.000000000000000000e+00 0.000000000000000000e+00 -1.451999999999999957e+00 3.169999999999999485e-01 -2.000000000000000000e+00 0.000000000000000000e+00 2.184374519890266292e-02 3.010225000000006645e-02 7.848647462277102277e-03 1.081600000000002004e-02 7.292000137174207974e-02 1.004889999999999672e-01
3.000000000000000000e+00 4.739999999999999769e-01 1.897999999999999909e+00 -2.000000000000000000e+00 0.000000000000000000e+00 1.264750000000000085e+01 1.408499999999999197e+00 -2.000000000000000000e+00 -1.907132702297216398e-15 -5.374000000000000554e+00 9.090000000000002522e-01 -2.000000000000000000e+00 1.478150246507004891e-15 2.614090145404663001e+00 3.602404000000000384e+00 1.439600027777773628e+00 1.983872249999995674e+00 5.995921111111121027e-01 8.262810000000011534e-01
3.000000000000000000e+00 -3.852500000000000036e+00 8.174999999999998934e-01 -2.000000000000000000e+00 0.000000000000000000e+00 -1.673499999999999988e+00 2.507499999999999840e+00 -1.999999999999999778e+00 -2.816744117836598607e-16 8.229999999999999538e-01 2.600000000000000089e-01 -2.000000000000000000e+00 0.000000000000000000e+00 4.849574845679010537e-01 6.683062499999997685e-01 4.562575111454047594e+00 6.287556250000001512e+00 4.905404663923181724e-02 6.760000000000002118e-02
3.000000000000000000e+00 -9.490999999999999659e+00 9.210000000000002629e-01 -1.999999999999999778e+00 -2.913299942526870021e-15 -9.080000000000000071e+00 1.219999999999998863e-01 -2.000000000000000000e+00 0.000000000000000000e+00 -3.260000000000000675e-01 1.894000000000000128e+00 -2.000000000000000000e+00 0.000000000000000000e+00 6.155274197530881120e-01 8.482410000000017991e-01 1.080059807956101903e-02 1.488399999999997191e-02 2.603083462277091531e+00 3.587236000000000313e+00
3.000000000000000000e+00 -8.807999999999999829e+00 6.579999999999994742e-01 -2.000000000000000000e+00 0.000000000000000000e+00 -1.079950000000000010e+01 7.450000000000045475e-02 -2.000000000000000000e+00 0.000000000000000000e+00 1.062000000000000055e+00 7.700000000000001288e-02 -2.000000000000000000e+00 -2.137374418140536372e-15 3.141810096021941945e-01 4.329639999999993494e-01 4.027547668038456395e-03 5.550250000000069017e-03 4.302388203017825513e-03 5.928999999999995038e-03
3.000000000000000000e+00 -8.982499999999999929e+00 5.054999999999996163e-01 -2.000000000000000000e+00 0.000000000000000000e+00 -9.368999999999999773e+00 2.339999999999999858e-01 -2.000000000000000000e+00 0.000000000000000000e+00 -2.510000000000000009e-01 1.179999999999999938e-01 -2.000000000000000000e+00 0.000000000000000000e+00 1.854259290123453363e-01 2.555302499999996813e-01 3.973377777777776371e-02 5.475599999999999218e-02 1.010397256515774798e-02 1.392399999999999888e-02
3.000000000000000000e+00 -1.162000000000000099e+01 5.999999999999960920e-02 -2.000000000000000000e+00 4.448491552617116606e-14 -1.623450000000000060e+01 2.496500000000001052e+00 -2.000000000000000000e+00 0.000000000000000000e+00 1.671499999999999986e+00 8.375000000000000222e-01 -2.000000000000000000e+00 -1.889973795340783552e-16 2.612345679012402153e-03 3.600000000000043703e-03 4.522632346021951300e+00 6.232512250000004528e+00 5.089765517832645081e-01 7.014062499999998979e-01
3.000000000000000000e+00 3.554499999999999549e+00 5.472499999999999254e+00 -2.000000000000000000e+00 1.734174853418039885e-16 -1.179299999999999926e+01 7.257999999999999119e+00 -2.000000000000000000e+00 0.000000000000000000e+00 2.574500000000000011e+00 1.107499999999999929e+00 -2.000000000000000000e+00 0.000000000000000000e+00 2.173199939128943470e+01 2.994825625000000002e+01 3.822628306721534130e+01 5.267856399999999439e+01 8.900524777091904927e-01 1.226556249999999793e+00
3.000000000000000000e+00 7.481499999999999595e+00 4.519499999999999851e+00 -2.000000000000000000e+00 3.078782596393835309e-16 1.452449999999999974e+01 2.990499999999999936e+00 -2.000000000000000000e+00 9.298798307613697597e-16 6.508000000000000007e+00 6.099999999999994316e-02 -2.000000000000000000e+00 0.000000000000000000e+00 1.482207222530862722e+01 2.042588024999999519e+01 6.489567547668032788e+00 8.943090249999993802e+00 2.700149519890254757e-03 3.720999999999992976e-03
3.000000000000000000e+00 1.808999999999999941e+00 7.239999999999999769e-01 -2.000000000000000000e+00 0.000000000000000000e+00 9.098000000000000753e+00 1.890000000000000568e-01 -2.000000000000000000e+00 0.000000000000000000e+00 1.675000000000000377e-01 9.875000000000000444e-01 -2.000000000000000000e+00 0.000000000000000000e+00 3.803691412894374402e-01 5.241759999999999753e-01 2.592100000000000654e-02 3.572100000000002357e-02 7.076236711248283795e-01 9.751562499999999467e-01
3.000000000000000000e+00 1.137499999999999956e+00 2.864999999999999769e-01 -2.000000000000000000e+00 0.000000000000000000e+00 9.227499999999999147e+00 9.949999999999992184e-02 -2.000000000000000000e+00 2.674528958156385250e-14 -5.444999999999999840e-01 2.694999999999999618e-01 -2.000000000000000000e+00 0.000000000000000000e+00 5.956311419753085312e-02 8.208224999999998162e-02 7.184132030178464086e-03 9.900250000000134637e-03 5.270425548696842238e-02 7.263024999999999343e-02
3.000000000000000000e+00 2.743999999999999773e+00 3.659999999999998810e-01 -2.000000000000000000e+00 1.839883578744518381e-15 9.762000000000000455e+00 1.900000000000012790e-02 -2.000000000000000000e+00 0.000000000000000000e+00 1.426499999999999879e+00 6.714999999999998748e-01 -2.000000000000000000e+00 2.750004738677317168e-16 9.720538271604944880e-02 1.339560000000000473e-01 2.619602194787414885e-04 3.610000000000048175e-04 3.272051855281207233e-01 4.509122499999999589e-01
3.000000000000000000e+00 3.365000000000000213e+00 5.229999999999999094e-01 -2.000000000000000000e+00 -1.261126142605647357e-15 1.008800000000000097e+01 1.109999999999997655e-01 -1.999999999999999778e+00 -2.402060630850792119e-14 1.801000000000000156e+00 9.799999999999997602e-02 -1.999999999999999778e+00 -3.398240113422384443e-15 1.984867503429356417e-01 2.735290000000000776e-01 8.940753086419546067e-03 1.232099999999978004e-02 6.969157750342911198e-03 9.603999999999977139e-03
3.000000000000000000e+00 1.992499999999999938e+00 1.504999999999998561e-01 -2.000000000000000000e+00 0.000000000000000000e+00 8.169499999999999318e+00 7.345000000000001528e-01 -2.000000000000000000e+00 1.751115720029353836e-15 6.165000000000000480e-01 2.304999999999999827e-01 -1.999999999999999778e+00 -7.082514478173380906e-16 1.643618964334701490e-02 2.265024999999995514e-02 3.914819509602189829e-01 5.394902499999998380e-01 3.855404972565158739e-02 5.313025000000001774e-02
3.000000000000000000e+00 4.529999999999999583e-01 7.309999999999999831e-01 -2.000000000000000000e+00 0.000000000000000000e+00 9.420999999999999375e+00 2.660000000000000142e-01 -2.000000000000000000e+00 0.000000000000000000e+00 -9.090000000000000302e-01 3.320000000000000728e-01 -2.000000000000000000e+00 0.000000000000000000e+00 3.877599026063098253e-01 5.343609999999999749e-01 5.134420301783264307e-02 7.075600000000001333e-02 7.998421947873801674e-02 1.102240000000000719e-01
3.000000000000000000e+00 -2.125000000000001332e-01 2.262500000000000178e+00 -2.000000000000000000e+00 0.000000000000000000e+00 1.182249999999999979e+01 5.905000000000004690e-01 -2.000000000000000000e+00 0.000000000000000000e+00 7.015000000000000124e-01 1.548499999999999988e+00 -2.000000000000000000e+00 0.000000000000000000e+00 3.714542395404663910e+00 5.118906250000000213e+00 2.530276299725655043e-01 3.486902500000005345e-01 1.740005267832646751e+00 2.397852250000000573e+00
3.000000000000000000e+00 -5.355500000000000149e+00 1.185500000000000220e+00 -2.000000000000000000e+00 0.000000000000000000e+00 1.028499999999999970e+00 1.743499999999999828e+00 -1.999999999999999778e+00 -2.513770473345884836e-16 -1.228499999999999925e+00 1.034499999999999975e+00 -2.000000000000000000e+00 0.000000000000000000e+00 1.019838164951989201e+00 1.405410250000000527e+00 2.205830041495198568e+00 3.039792250000000084e+00 7.765852431412891832e-01 1.070190250000000232e+00
3.000000000000000000e+00 -1.028549999999999898e+01 5.445000000000002061e-01 -1.999999999999999778e+00 -4.814094570781313145e-15 -2.335499999999999687e+00 2.584999999999999520e-01 -1.999999999999999778e+00 -2.611090721500478387e-15 -6.474000000000000199e+00 7.419999999999999929e-01 -2.000000000000000000e+00 0.000000000000000000e+00 2.151413611111103741e-01 2.964802499999994456e-01 4.848967112482840958e-02 6.682224999999987480e-02 3.995176351165979356e-01 5.505640000000000533e-01
3.000000000000000000e+00 -8.629500000000000171e+00 1.249999999999928946e-02 -2.000000000000000000e+00 0.000000000000000000e+00 -2.813499999999999890e+00 8.254999999999999005e-01 -2.000000000000000000e+00 0.000000000000000000e+00 -6.862000000000000099e+00 2.709999999999999076e-01 -2.000000000000000000e+00 0.000000000000000000e+00 1.133830589848979208e-04 1.562499999999822494e-04 4.944954489026060496e-01 6.814502499999999241e-01 5.329257750342930589e-02 7.344099999999996464e-02
3.000000000000000000e+00 -9.993999999999999773e+00 7.770000000000001350e-01 -1.999999999999999778e+00 -3.431746312085396081e-15 -6.145500000000000185e+00 7.774999999999998579e-01 -2.000000000000000000e+00 0.000000000000000000e+00 -5.951000000000000512e+00 1.880000000000001670e-01 -2.000000000000000000e+00 7.114153222366411587e-15 4.380969012345691249e-01 6.037290000000014034e-01 4.386609139231821830e-01 6.045062499999998007e-01 2.564742935528138701e-02 3.534400000000020858e-02
3.000000000000000000e+00 -1.466950000000000109e+01 1.526500000000000412e+00 -2.000000000000000000e+00 0.000000000000000000e+00 -1.837500000000000000e+01 1.000000000000156319e-02 -2.000000000000000000e+00 0.000000000000000000e+00 1.314999999999999503e-01 2.844500000000000028e+00 -2.000000000000000000e+00 0.000000000000000000e+00 1.690914938614540786e+00 2.330202250000001474e+00 7.256515775036562058e-05 1.000000000000312569e-04 5.871377712277089600e+00 8.091180250000002516e+00
3.000000000000000000e+00 1.390099999999999980e+01 4.402999999999999581e+00 -2.000000000000000000e+00 -5.826962020674914046e-16 7.451499999999999346e+00 5.062500000000000000e+00 -2.000000000000000000e+00 0.000000000000000000e+00 1.058000000000000052e+00 2.220000000000000306e-01 -2.000000000000000000e+00 -7.134833556982502677e-16 1.406777827297666938e+01 1.938640899999998979e+01 1.859765624999999645e+01 2.562890625000000000e+01 3.576301234567898918e-02 4.928400000000000142e-02
3.000000000000000000e+00 3.953999999999999737e+00 4.679999999999997495e-01 -2.000000000000000000e+00 1.489276610184928158e-15 1.137349999999999994e+01 1.426500000000000767e+00 -2.000000000000000000e+00 0.000000000000000000e+00 3.365000000000000213e-01 1.624500000000000055e+00 -2.000000000000000000e+00 0.000000000000000000e+00 1.589351111111111103e-01 2.190239999999999687e-01 1.476630027777778853e+00 2.034902250000002688e+00 1.914994694444444256e+00 2.639000250000000491e+00
3.000000000000000000e+00 1.409000000000000030e+00 1.970000000000000639e-01 -2.000000000000000000e+00 0.000000000000000000e+00 8.960000000000000853e+00 3.900000000000058975e-02 -2.000000000000000000e+00 -6.831210269330886104e-14 -1.350000000000000089e+00 5.230000000000000204e-01 -2.000000000000000000e+00 5.820582196641446002e-16 2.816181207133060249e-02 3.880900000000003097e-02 1.103716049382690023e-03 1.520999999999987206e-03 1.984867503429354196e-01 2.735289999999999666e-01
3.000000000000000000e+00 3.054999999999999716e+00 8.440000000000000835e-01 -1.999999999999999778e+00 8.309892463437969987e-16 8.276500000000000412e+00 5.499999999999616307e-03 -2.000000000000000000e+00 0.000000000000000000e+00 8.089999999999999414e-01 3.830000000000000071e-01 -2.000000000000000000e+00 2.470153380183627391e-16 5.169077421124832483e-01 7.123360000000005243e-01 2.195096021947567019e-05 3.024999999999578184e-05 1.064451042524005436e-01 1.466889999999999861e-01
3.000000000000000000e+00 6.419499999999999318e+00 8.355000000000001315e-01 -1.999999999999999778e+00 1.522863066891226473e-15 9.539999999999999147e+00 1.520000000000001350e-01 -2.000000000000000000e+00 1.753589131216071212e-14 1.549999999999995826e-02 6.875000000000000000e-01 -2.000000000000000000e+00 0.000000000000000000e+00 5.065485216049389061e-01 6.980602500000008259e-01 1.676545404663948996e-02 2.310400000000027015e-02 3.429837534293552204e-01 4.726562500000000555e-01
3.000000000000000000e+00 5.915499999999999758e+00 4.735000000000000320e-01 -2.000000000000000000e+00 2.875960875510911422e-15 9.266000000000000014e+00 3.100000000000058265e-02 -2.000000000000000000e+00 0.000000000000000000e+00 -1.875000000000000000e-01 1.544999999999999984e-01 -2.000000000000000000e+00 -2.939847630230177649e-16 1.626927163923178876e-01 2.242022499999996310e-01 6.973511659808216689e-04 9.610000000000364778e-04 1.732148456790123109e-02 2.387024999999999911e-02
3.000000000000000000e+00 3.285999999999999588e+00 3.770000000000000018e-01 -2.000000000000000000e+00 1.748235621469881354e-15 8.501999999999998892e+00 6.800000000000050449e-02 -2.000000000000000000e+00 3.922247007945227110e-14 1.640000000000000069e-01 6.100000000000000561e-02 -2.000000000000000000e+00 -3.582465622074658538e-16 1.031361330589847664e-01 1.421289999999998388e-01 3.355412894375804211e-03 4.623999999999964944e-03 2.700149519890261696e-03 3.721000000000002517e-03
3.000000000000000000e+00 2.581500000000000128e+00 2.495000000000000551e-01 -2.000000000000000000e+00 -2.680586633305299045e-15 9.021499999999999631e+00 7.050000000000000711e-02 -1.999999999999999778e+00 3.782611947794423431e-14 -1.745499999999999829e+00 1.864999999999999991e-01 -2.000000000000000000e+00 -1.805084430250876433e-15 4.517199211248277418e-02 6.225024999999993758e-02 3.606669753086526580e-03 4.970250000000108262e-03 2.523979458161867973e-02 3.478225000000004230e-02
3.000000000000000000e+00 2.269000000000000128e+00 9.510000000000000675e-01 -2.000000000000000000e+00 0.000000000000000000e+00 1.008650000000000091e+01 2.500000000000390799e-03 -2.000000000000000000e+00 -1.065779205882223579e-12 -2.833499999999999908e+00 3.734999999999999432e-01 -2.000000000000000000e+00 0.000000000000000000e+00 6.562800123456790091e-01 9.044010000000003435e-01 4.535322359394067590e-06 6.249999999998171555e-06 1.012300277777777313e-01 1.395022499999999666e-01
3.000000000000000000e+00 -4.408000000000000362e+00 7.119999999999999662e-01 -2.000000000000000000e+00 9.996629810893500671e-16 9.039999999999999147e-01 3.000000000000000000e+00 -2.000000000000000000e+00 0.000000000000000000e+00 1.150500000000000078e+00 1.781500000000000083e+00 -2.000000000000000000e+00 -1.570879010076747616e-16 3.678647133058986496e-01 5.069440000000002833e-01 6.530864197530863002e+00 9.000000000000001776e+00 2.303031070301782002e+00 3.173742250000000098e+00
3.000000000000000000e+00 -9.163000000000000256e+00 4.079999999999994742e-01 -2.000000000000000000e+00 0.000000000000000000e+00 -7.543499999999999872e+00 4.734999999999995879e-01 -2.000000000000000000e+00 0.000000000000000000e+00 4.338999999999999524e+00 1.813999999999999835e+00 -2.000000000000000000e+00 3.719875264605258811e-16 1.207948641975305215e-01 1.664639999999995845e-01 1.626927163923178876e-01 2.242022499999996310e-01 2.387826178326473148e+00 3.290595999999998966e+00
4.000000000000000000e+00 3.345000000000000195e+00 2.299999999999999822e-01 -2.000000000000000000e+00 0.000000000000000000e+00 -1.958499999999999908e+00 7.350000000000000977e-02 -2.000000000000000000e+00 -4.505388022315170275e-15 8.774000000000000909e+00 7.099999999999999645e-01 -2.000000000000000000e+00 -3.799892166392809568e-15 3.838696844993139817e-02 5.290000000000000258e-02 3.920151234567887874e-03 5.402249999999987791e-03 3.658009602194797205e-01 5.041000000000009917e-01
4.000000000000000000e+00 5.486499999999999488e+00 3.995000000000001883e-01 -2.000000000000000000e+00 3.264834348729865556e-15 -3.409499999999999975e+00 9.674999999999998046e-01 -2.000000000000000000e+00 0.000000000000000000e+00 7.323999999999999844e+00 1.291999999999999815e+00 -2.000000000000000000e+00 0.000000000000000000e+00 1.158141731824420956e-01 1.596002500000004432e-01 6.792506944444440808e-01 9.360562499999998121e-01 1.211304054869683844e+00 1.669263999999999637e+00
4.000000000000000000e+00 1.453049999999999997e+01 2.065500000000000114e+00 -2.000000000000000000e+00 0.000000000000000000e+00 -7.450000000000000178e+00 6.130000000000004334e-01 -2.000000000000000000e+00 0.000000000000000000e+00 1.717999999999999972e+00 1.502999999999999892e+00 -1.999999999999999778e+00 1.961934654716203012e-16 3.095840249999999294e+00 4.266290250000000839e+00 2.726773676268864355e-01 3.757690000000005748e-01 1.639253444444444208e+00 2.259009000000000711e+00
4.000000000000000000e+00 2.325050000000000239e+01 3.266499999999998849e+00 -1.999999999999999778e+00 -1.630918290150842626e-15 -6.652499999999999858e+00 1.135000000000001563e-01 -2.000000000000000000e+00 0.000000000000000000e+00 1.480250000000000021e+01 3.544999999999998153e-01 -2.000000000000000000e+00 0.000000000000000000e+00 7.742718477709193969e+00 1.067002225000000237e+01 9.348025034293576049e-03 1.288225000000003603e-02 9.119281515775023994e-02 1.256702499999998723e-01
4.000000000000000000e+00 9.905000000000001581e-01 1.503500000000000281e+00 -1.999999999999999778e+00 -2.613303917489394129e-16 -7.760499999999999510e+00 1.622499999999999609e+00 -2.000000000000000000e+00 0.000000000000000000e+00 7.210499999999999687e+00 3.026499999999999968e+00 -1.999999999999999778e+00 3.844673180004798378e-16 1.640344280178326786e+00 2.260512250000001000e+00 1.910282313100135854e+00 2.632506249999999159e+00 6.646752387174206689e+00 9.159702249999998713e+00
4.000000000000000000e+00 5.328500000000000014e+00 1.542500000000000204e+00 -2.000000000000000000e+00 4.235091008360924405e-16 -1.716750000000000043e+01 2.910499999999999865e+00 -2.000000000000000000e+00 9.366358012626215155e-16 5.053999999999999382e+00 5.315999999999998948e+00 -1.999999999999999778e+00 2.837831057539219416e-16 1.726547333676269336e+00 2.379306250000001732e+00 6.147001950960212291e+00 8.471010249999997299e+00 2.050680908641973588e+01 2.825985599999999565e+01
4.000000000000000000e+00 1.076200000000000045e+01 9.569999999999998508e-01 -1.999999999999999778e+00 -2.786744144743021896e-15 -1.331700000000000017e+01 1.490000000000000213e-01 -1.999999999999999778e+00 1.789551127230453421e-14 -2.950499999999999901e+00 1.354999999999999538e-01 -2.000000000000000000e+00 0.000000000000000000e+00 6.645872716049363582e-01 9.158489999999984699e-01 1.611019067215386374e-02 2.220100000000023097e-02 1.332314437585732647e-02 1.836024999999999116e-02
4.000000000000000000e+00 1.266300000000000026e+01 7.839999999999998082e-01 -1.999999999999999778e+00 -3.398240113422384443e-15 -1.647050000000000125e+01 7.249999999999978684e-02 -2.000000000000000000e+00 7.354561786707262684e-14 -2.027000000000000135e+00 9.040000000000000258e-01 -2.000000000000000000e+00 3.757032457914544123e-16 4.460260960219487036e-01 6.146560000000009794e-01 3.814206104252158228e-03 5.256249999999748970e-03 5.930140795610425730e-01 8.172160000000002755e-01
4.000000000000000000e+00 7.438000000000000611e+00 1.004000000000000004e+00 -2.000000000000000000e+00 -1.316407468124150189e-15 -1.350199999999999889e+01 2.569999999999999396e+00 -2.000000000000000000e+00 -1.046479782696558141e-15 -9.020000000000000240e-01 3.300000000000002931e-02 -2.000000000000000000e+00 0.000000000000000000e+00 7.314684005486974394e-01 1.008016000000000689e+00 4.792856104252394722e+00 6.604899999999992666e+00 7.902345679012358131e-04 1.089000000000002076e-03
4.000000000000000000e+00 2.273000000000000131e+00 5.499999999999999334e-01 -2.000000000000000000e+00 -5.838888934918180627e-16 -5.993999999999999773e+00 2.780000000000000249e-01 -2.000000000000000444e+00 -4.682996806632604001e-15 1.746499999999999941e+00 2.255000000000000338e-01 -2.000000000000000000e+00 0.000000000000000000e+00 2.195096021947873510e-01 3.025000000000000466e-01 5.608125651577524490e-02 7.728400000000022751e-02 3.689956412894375426e-02 5.085025000000002043e-02
4.000000000000000000e+00 2.641499999999999737e+00 2.514999999999998348e-01 -2.000000000000000000e+00 2.617143460023292234e-15 -9.326499999999999346e+00 5.415000000000000924e-01 -2.000000000000000444e+00 -4.981954027170946485e-15 1.234499999999999931e+00 7.850000000000001421e-02 -2.000000000000000000e+00 0.000000000000000000e+00 4.589909499314130670e-02 6.325225000000000986e-02 2.127771882716057716e-01 2.932222500000010168e-01 4.471646433470507880e-03 6.162250000000002795e-03
4.000000000000000000e+00 3.692000000000000171e+00 6.200000000000005507e-02 -2.000000000000000000e+00 -1.074748931093701446e-14 -1.043050000000000033e+01 2.874999999999996447e-01 -2.000000000000000000e+00 0.000000000000000000e+00 1.252499999999999947e+00 1.085000000000000409e-01 -2.000000000000000000e+00 0.000000000000000000e+00 2.789404663923210348e-03 3.844000000000030552e-03 5.997963820301766696e-02 8.265624999999982014e-02 8.542551783264750592e-03 1.177225000000000840e-02
4.000000000000000000e+00 3.448500000000000121e+00 2.195000000000000284e-01 -2.000000000000000000e+00 0.000000000000000000e+00 -1.027250000000000085e+01 1.674999999999995381e-01 -2.000000000000000000e+00 1.587282679680749430e-14 8.334999999999999076e-01 1.315000000000000058e-01 -2.000000000000000000e+00 1.144311483947466262e-15 3.496207441700960317e-02 4.818025000000001473e-02 2.035906207133022019e-02 2.805624999999959540e-02 1.254814849108366187e-02 1.729224999999998819e-02
4.000000000000000000e+00 2.114499999999999602e+00 2.449999999999996625e-02 -2.000000000000000000e+00 2.712832361732115690e-14 -9.047499999999999432e+00 2.124999999999994671e-01 -2.000000000000000000e+00 -1.247390819444516604e-14 7.010000000000000675e-01 2.170000000000000262e-01 -1.999999999999999778e+00 -7.639475950575824660e-16 4.355723593964228426e-04 6.002499999999891386e-04 3.276770404663873620e-02 4.515624999999946071e-02 3.417020713305896767e-02 4.708899999999999197e-02
4.000000000000000000e+00 2.250000000000000000e+00 1.160000000000001030e-01 -2.000000000000000000e+00 0.000000000000000000e+00 -9.067000000000000171e+00 2.840000000000006963e-01 -2.000000000000000000e+00 0.000000000000000000e+00 5.799999999999999600e-01 1.409999999999999865e-01 -2.000000000000000000e+00 5.414781929358072967e-16 9.764367626886160528e-03 1.345600000000002176e-02 5.852815363511688213e-02 8.065600000000039405e-02 1.442667901234567784e-02 1.988100000000000284e-02
4.000000000000000000e+00 2.667499999999999982e+00 2.499999999999946709e-03 -2.000000000000000000e+00 0.000000000000000000e+00 -1.100150000000000006e+01 1.095000000000005969e-01 -2.000000000000000000e+00 0.000000000000000000e+00 5.015000000000000568e-01 3.614999999999999880e-01 -2.000000000000000000e+00 -4.406427175470557019e-16 4.535322359396239383e-06 6.249999999999733484e-06 8.700743827160585184e-03 1.199025000000013275e-02 9.482978086419745212e-02 1.306822499999999720e-01
4.000000000000000000e+00 2.490000000000000213e+00 9.899999999999997691e-02 -2.000000000000000000e+00 -6.704338595539138951e-15 -8.221000000000000085e+00 1.120000000000000995e-01 -2.000000000000000000e+00 0.000000000000000000e+00 5.370000000000000329e-01 2.580000000000000071e-01 -2.000000000000000000e+00 0.000000000000000000e+00 7.112111111111144544e-03 9.801000000000031909e-03 9.102573388203031440e-03 1.254400000000002388e-02 4.830227160493826000e-02 6.656399999999999817e-02
4.000000000000000000e+00 2.275999999999999801e+00 2.399999999999999911e-01 -2.000000000000000000e+00 2.823443157514334595e-15 -9.369500000000000384e+00 2.484999999999999432e-01 -2.000000000000000000e+00 0.000000000000000000e+00 1.294000000000000039e+00 4.050000000000000266e-01 -2.000000000000000000e+00 0.000000000000000000e+00 4.179753086419760871e-02 5.760000000000008169e-02 4.481061762688611644e-02 6.175224999999996689e-02 1.190249999999999919e-01 1.640250000000000319e-01
4.000000000000000000e+00 2.254000000000000004e+00 8.700000000000018829e-02 -2.000000000000000000e+00 0.000000000000000000e+00 -9.854499999999999815e+00 9.149999999999991473e-02 -2.000000000000000000e+00 0.000000000000000000e+00 9.359999999999999432e-01 8.600000000000002087e-02 -2.000000000000000000e+00 1.960255855393753594e-15 5.492456790123479392e-03 7.569000000000034034e-03 6.075336419753074070e-03 8.372249999999983872e-03 5.366919067215374269e-03 7.396000000000011072e-03
4.000000000000000000e+00 2.203999999999999737e+00 1.039999999999998703e-01 -2.000000000000000000e+00 6.457806948798171661e-15 -9.570000000000000284e+00 6.999999999999673150e-03 -2.000000000000000000e+00 0.000000000000000000e+00 7.764999999999999680e-01 2.085000000000000187e-01 -2.000000000000000000e+00 0.000000000000000000e+00 7.848647462277029418e-03 1.081599999999993678e-02 3.555692729766471021e-05 4.899999999999543122e-05 3.154570679012345252e-02 4.347225000000001782e-02
4.000000000000000000e+00 2.199500000000000011e+00 1.065000000000000391e-01 -2.000000000000000000e+00 0.000000000000000000e+00 -1.006149999999999878e+01 1.695000000000002061e-01 -1.999999999999999778e+00 -1.567378281701824929e-14 4.120000000000000329e-01 9.999999999999981126e-03 -2.000000000000000000e+00 -8.364450354136261602e-15 8.230521604938275879e-03 1.134225000000000858e-02 2.084815123456820393e-02 2.873025000000033191e-02 7.256515775034216116e-05 9.999999999999916454e-05
4.000000000000000000e+00 2.416999999999999815e+00 9.099999999999995592e-02 -1.999999999999999778e+00 7.337637833297830892e-15 -9.421499999999999986e+00 2.995000000000000995e-01 -2.000000000000000000e+00 0.000000000000000000e+00 7.359999999999999876e-01 1.260000000000000009e-01 -2.000000000000000000e+00 0.000000000000000000e+00 6.009120713305858563e-03 8.280999999999962002e-03 6.509112791495201555e-02 8.970025000000006465e-02 1.152044444444444253e-02 1.587600000000000122e-02
4.000000000000000000e+00 2.235500000000000043e+00 2.150000000000007461e-02 -2.000000000000000000e+00 0.000000000000000000e+00 -9.365000000000000213e+00 2.379999999999995453e-01 -2.000000000000000000e+00 0.000000000000000000e+00 6.089999999999999858e-01 6.099999999999999867e-02 -1.999999999999999778e+00 2.686849216555995407e-15 3.354324417009625181e-04 4.622500000000031857e-04 4.110380795610408394e-02 5.664399999999979868e-02 2.700149519890265165e-03 3.721000000000005553e-03
4.000000000000000000e+00 2.093499999999999694e+00 3.749999999999986677e-02 -2.000000000000000000e+00 1.779697788316965447e-14 -9.454000000000000625e+00 1.740000000000003766e-01 -1.999999999999999778e+00 1.531212493202783708e-14 5.050000000000000044e-01 6.699999999999997624e-02 -1.999999999999999556e+00 -1.261693627108145114e-15 1.020447530864204222e-03 1.406250000000004285e-03 2.196982716049418471e-02 3.027600000000039288e-02 3.257449931412888591e-03 4.488999999999993863e-03
4.000000000000000000e+00 2.503499999999999837e+00 4.949999999999987743e-02 -2.000000000000000000e+00 1.346454667937452684e-14 -9.769500000000000739e+00 2.249999999999996447e-02 -2.000000000000000000e+00 1.183847639641241933e-13 3.790000000000000036e-01 1.949999999999999789e-01 -1.999999999999999778e+00 -4.094156790181106920e-16 1.778027777777749924e-03 2.450249999999969380e-03 3.673611111111439623e-04 5.062500000000324987e-04 2.759290123456790284e-02 3.802500000000000324e-02
4.000000000000000000e+00 2.293499999999999872e+00 4.649999999999998579e-02 -2.000000000000000000e+00 0.000000000000000000e+00 -9.490500000000000824e+00 7.499999999999396039e-03 -2.000000000000000000e+00 3.552518923966671962e-13 1.584999999999999742e-01 3.114999999999999991e-01 -2.000000000000000000e+00 0.000000000000000000e+00 1.569040123456788907e-03 2.162249999999998808e-03 4.081790123454997273e-05 5.624999999997960868e-05 7.041160528120712914e-02 9.703224999999998657e-02
4.000000000000000000e+00 2.696499999999999897e+00 1.194999999999999396e-01 -2.000000000000000000e+00 0.000000000000000000e+00 -9.893499999999999517e+00 8.349999999999990763e-02 -2.000000000000000000e+00 -3.193853350311354218e-14 9.395000000000000018e-01 1.845000000000000528e-01 -1.999999999999999778e+00 8.976861099412449585e-16 1.036248593964333477e-02 1.428024999999998740e-02 5.059424211248399715e-03 6.972250000000110304e-03 2.470136111111113225e-02 3.404025000000004270e-02
4.000000000000000000e+00 1.741000000000000103e+00 1.330000000000000071e-01 -2.000000000000000000e+00 0.000000000000000000e+00 -9.724000000000000199e+00 1.639999999999997016e-01 -2.000000000000000000e+00 0.000000000000000000e+00 9.455000000000000071e-01 4.914999999999999925e-01 -2.000000000000000000e+00 1.753238243456425747e-16 1.283605075445816077e-02 1.768900000000000333e-02 1.951712482853215982e-02 2.689599999999990609e-02 1.752972842935528186e-01 2.415722500000000439e-01
4.000000000000000000e+00 1.960999999999999854e+00 7.299999999999995381e-02 -2.000000000000000000e+00 0.000000000000000000e+00 -9.736499999999999488e+00 2.874999999999996447e-01 -2.000000000000000000e+00 0.000000000000000000e+00 9.510000000000000675e-01 5.299999999999999156e-02 -1.999999999999999778e+00 -3.186109677535202993e-15 3.866997256515769619e-03 5.328999999999993464e-03 5.997963820301766696e-02 8.265624999999982014e-02 2.038355281207136511e-03 2.809000000000004636e-03
4.000000000000000000e+00 9.110000000000000320e-01 2.900000000000000355e-01 -2.000000000000000000e+00 0.000000000000000000e+00 -9.565500000000000114e+00 1.144999999999996021e-01 -2.000000000000000000e+00 0.000000000000000000e+00 6.239999999999999991e-01 5.330000000000000293e-01 -2.000000000000000000e+00 0.000000000000000000e+00 6.102729766803842437e-02 8.410000000000002196e-02 9.513473593964268116e-03 1.311024999999991017e-02 2.061496310013717637e-01 2.840890000000000359e-01
4.000000000000000000e+00 8.360000000000000764e-01 2.700000000000000733e-01 -2.000000000000000444e+00 -7.050646653363025572e-16 -9.852000000000000313e+00 3.280000000000002913e-01 -2.000000000000000000e+00 8.160500819443332242e-15 3.659999999999999920e-01 1.600000000000000033e-01 -2.000000000000000000e+00 2.117582368135750108e-16 5.290000000000004421e-02 7.290000000000006197e-02 7.806849931412955523e-02 1.075840000000007068e-01 1.857668038408779101e-02 2.560000000000000123e-02
4.000000000000000000e+00 9.684999999999999165e-01 2.715000000000000191e-01 -2.000000000000000000e+00 6.067625866308756041e-16 -1.005349999999999966e+01 1.014999999999997016e-01 -2.000000000000000000e+00 0.000000000000000000e+00 7.364999999999999325e-01 8.449999999999996403e-02 -2.000000000000000000e+00 1.976663903185821614e-15 5.348941049382713309e-02 7.371224999999999306e-02 7.475843964334658379e-03 1.030224999999993993e-02 5.181333676268848852e-03 7.140249999999985150e-03
4.000000000000000000e+00 1.046000000000000041e+00 1.119999999999999329e-01 -2.000000000000000000e+00 -1.466256012921987547e-15 -9.834499999999998465e+00 4.849999999999976552e-02 -2.000000000000000000e+00 -5.500169347190021952e-14 4.845000000000000417e-01 5.650000000000002243e-02 -1.999999999999999778e+00 -1.502812983165816071e-15 9.102573388202993276e-03 1.254399999999997531e-02 1.706913923182498335e-03 2.352250000000050915e-03 2.316461248285326454e-03 3.192250000000005413e-03
4.000000000000000000e+00 1.175999999999999934e+00 3.440000000000000280e-01 -2.000000000000000000e+00 4.261425772595117966e-16 -9.736499999999999488e+00 9.550000000000036238e-02 -2.000000000000000000e+00 -2.794579724257156619e-14 3.930000000000000160e-01 1.499999999999998557e-02 -1.999999999999999778e+00 -5.521399952472492178e-15 8.587070507544578013e-02 1.183360000000000106e-01 6.618123799725556672e-03 9.120249999999925292e-03 1.632716049382705809e-04 2.249999999999988825e-04
4.000000000000000000e+00 1.990000000000000102e-01 2.700000000000001010e-02 -2.000000000000000000e+00 -1.549214352545586288e-15 -9.751500000000000057e+00 3.185000000000002274e-01 -2.000000000000000000e+00 0.000000000000000000e+00 2.252499999999999947e+00 9.994999999999999440e-01 -2.000000000000000000e+00 -3.335670077656355103e-16 5.290000000000009322e-04 7.290000000000012399e-04 7.361172873799734506e-02 1.014422500000001642e-01 7.249261073388203469e-01 9.990002500000001451e-01
4.000000000000000000e+00 -6.374999999999999556e-01 2.195000000000000007e-01 -2.000000000000000000e+00 -4.100782077554999450e-16 -9.481999999999999318e+00 1.730000000000000426e-01 -2.000000000000000000e+00 0.000000000000000000e+00 2.389499999999999957e+00 1.574999999999999734e-01 -2.000000000000000000e+00 4.218054499329722990e-15 3.496207441700960317e-02 4.818025000000001473e-02 2.171802606310014108e-02 2.992900000000001809e-02 1.800069444444437478e-02 2.480624999999993252e-02
4.000000000000000000e+00 -1.088500000000000023e+00 5.394999999999998685e-01 -2.000000000000000000e+00 3.535134053881179657e-16 -8.643499999999999517e+00 6.825000000000001066e-01 -2.000000000000000000e+00 -3.841447903756763610e-15 1.371499999999999941e+00 3.685000000000000497e-01 -2.000000000000000000e+00 0.000000000000000000e+00 2.112083295610423517e-01 2.910602499999999648e-01 3.380130401234558435e-01 4.658062499999990891e-01 9.853786042524007027e-02 1.357922500000000310e-01
4.000000000000000000e+00 -1.300499999999999989e+00 1.085000000000000409e-01 -2.000000000000000000e+00 0.000000000000000000e+00 -9.834500000000000242e+00 1.449999999999995737e-02 -2.000000000000000000e+00 0.000000000000000000e+00 2.160499999999999865e+00 1.954999999999998961e-01 -1.999999999999999778e+00 1.799250670227123780e-15 8.542551783264750592e-03 1.177225000000000840e-02 1.525682441700950927e-04 2.102499999999987680e-04 2.773458470507544904e-02 3.822024999999999728e-02
4.000000000000000000e+00 -2.512999999999999901e+00 4.690000000000000835e-01 -1.999999999999999778e+00 -1.479770618049367142e-15 -9.377499999999999503e+00 1.195000000000003837e-01 -2.000000000000000000e+00 0.000000000000000000e+00 1.592999999999999972e+00 1.739999999999999325e-01 -2.000000000000000000e+00 0.000000000000000000e+00 1.596150466392320388e-01 2.199610000000002674e-01 1.036248593964341110e-02 1.428025000000009148e-02 2.196982716049380308e-02 3.027599999999998001e-02
4.000000000000000000e+00 -2.705999999999999961e+00 1.539999999999999147e-01 -2.000000000000000000e+00 0.000000000000000000e+00 -9.236499999999999488e+00 6.449999999999977973e-02 -2.000000000000000000e+00 -4.131373371238925874e-14 2.166000000000000369e+00 9.499999999999997335e-02 -1.999999999999999778e+00 -6.955080272541512773e-15 1.720955281207130899e-02 2.371599999999997321e-02 3.018891975308522855e-03 4.160249999999873251e-03 6.549005486968409277e-03 9.024999999999960137e-03
4.000000000000000000e+00 -2.477999999999999758e+00 1.849999999999998312e-01 -2.000000000000000000e+00 -3.630203313792708236e-15 -9.192999999999999616e+00 6.000000000000227374e-03 -2.000000000000000000e+00 0.000000000000000000e+00 2.487999999999999989e+00 3.500000000000000888e-01 -2.000000000000000000e+00 0.000000000000000000e+00 2.483542524005489041e-02 3.422500000000000542e-02 2.612345679012543289e-05 3.600000000000273175e-05 8.889231824417012651e-02 1.225000000000000672e-01
4.000000000000000000e+00 -1.915000000000000036e+00 8.580000000000000959e-01 -2.000000000000000000e+00 0.000000000000000000e+00 -9.248499999999999943e+00 2.134999999999998010e-01 -2.000000000000000000e+00 0.000000000000000000e+00 3.134500000000000064e+00 2.249999999999996447e-02 -2.000000000000000000e+00 0.000000000000000000e+00 5.341985679012346555e-01 7.361640000000001516e-01 3.307683161865562771e-02 4.558224999999990756e-02 3.673611111111098641e-04 5.062499999999984547e-04
4.000000000000000000e+00 -1.278999999999999915e+00 4.900000000000004352e-02 -2.000000000000000000e+00 -6.796480226844745220e-15 -9.312000000000001165e+00 4.900000000000037659e-02 -1.999999999999999778e+00 5.431424452469884405e-14 3.151499999999999968e+00 2.675000000000000711e-01 -2.000000000000000000e+00 0.000000000000000000e+00 1.742289437585745797e-03 2.401000000000013800e-03 1.742289437585834268e-03 2.401000000000111378e-03 5.192490569272978362e-02 7.155625000000004343e-02
4.000000000000000000e+00 -1.437000000000000055e+00 1.790000000000000480e-01 -2.000000000000000000e+00 0.000000000000000000e+00 -9.104499999999999815e+00 4.749999999999943157e-02 -2.000000000000000000e+00 0.000000000000000000e+00 3.294500000000000206e+00 1.614999999999999769e-01 -2.000000000000000000e+00 -4.118249703408920672e-15 2.325060219478738283e-02 3.204100000000002085e-02 1.637251371742073046e-03 2.256249999999945799e-03 1.892662585733875108e-02 2.608224999999992841e-02
4.000000000000000000e+00 -1.170500000000000096e+00 2.605000000000000093e-01 -2.000000000000000000e+00 6.869183418882972666e-16 -9.176500000000000767e+00 8.449999999999935341e-02 -2.000000000000000000e+00 3.153677409173810269e-14 3.570999999999999730e+00 4.299999999999992717e-02 -2.000000000000000000e+00 1.551158981224631388e-14 4.924289746227710624e-02 6.786025000000003859e-02 5.181333676268651961e-03 7.140249999999763973e-03 1.341729766803819932e-03 1.848999999999977398e-03
4.000000000000000000e+00 -1.082999999999999963e+00 1.869999999999999996e-01 -2.000000000000000000e+00 -8.621618409651180255e-16 -9.034499999999999531e+00 5.250000000000021316e-02 -2.000000000000000000e+00 0.000000000000000000e+00 3.327499999999999680e+00 9.650000000000003020e-02 -1.999999999999999778e+00 6.877065944161934176e-15 2.537531001371739342e-02 3.496899999999999314e-02 2.000077160493842886e-03 2.756250000000022571e-03 6.757448902606350005e-03 9.312250000000042716e-03
4.000000000000000000e+00 -1.100500000000000034e+00 4.849999999999998757e-02 -2.000000000000000000e+00 0.000000000000000000e+00 -9.301500000000000767e+00 1.254999999999997229e-01 -2.000000000000000000e+00 2.117222011233021850e-14 3.382000000000000117e+00 3.020000000000000462e-01 -2.000000000000000000e+00 0.000000000000000000e+00 1.706913923182440656e-03 2.352249999999998873e-03 1.142919375857352760e-02 1.575025000000012179e-02 6.618232647462278517e-02 9.120400000000002116e-02
4.000000000000000000e+00 -8.445000000000000284e-01 9.500000000000008438e-03 -2.000000000000000000e+00 1.753589131216071212e-14 -9.310000000000000497e+00 6.000000000000227374e-03 -2.000000000000000000e+00 0.000000000000000000e+00 3.102999999999999758e+00 1.159999999999998810e-01 -1.999999999999999778e+00 5.695740020078957612e-15 6.549005486968550766e-05 9.025000000000105529e-05 2.612345679012543289e-05 3.600000000000273175e-05 9.764367626886080731e-03 1.345599999999992809e-02
4.000000000000000000e+00 -9.889999999999998792e-01 4.009999999999999676e-01 -2.000000000000000000e+00 -5.380555724999003264e-16 -9.144000000000000128e+00 9.399999999999941735e-02 -2.000000000000000000e+00 0.000000000000000000e+00 3.021999999999999797e+00 2.419999999999999929e-01 -2.000000000000000000e+00 0.000000000000000000e+00 1.166854993141288321e-01 1.608009999999999717e-01 6.411857338820220985e-03 8.835999999999890817e-03 4.249705898491082379e-02 5.856400000000001188e-02
4.000000000000000000e+00 -6.250000000000000000e-01 3.800000000000003375e-02 -2.000000000000000000e+00 0.000000000000000000e+00 -9.841499999999999915e+00 3.449999999999953104e-02 -2.000000000000000000e+00 0.000000000000000000e+00 2.818500000000000227e+00 2.645000000000001794e-01 -1.999999999999999778e+00 -2.531144801048816083e-15 1.047840877914953377e-03 1.444000000000002790e-03 8.637067901234330445e-04 1.190249999999967593e-03 5.076676577503445170e-02 6.996025000000019589e-02
1.000000000000000000e+00 -2.129999999999999949e-01 2.199999999999999178e-02 -2.000000000000000000e+00 0.000000000000000000e+00 6.380000000000000115e-01 2.200000000000001954e-02 -2.000000000000000000e+00 0.000000000000000000e+00 9.921499999999999986e+00 5.499999999999616307e-03 -2.000000000000000000e+00 0.000000000000000000e+00 3.512153635116594579e-04 4.839999999999997299e-04 3.512153635116602710e-04 4.840000000000009225e-04 2.195096021947567019e-05 3.024999999999578184e-05
1.000000000000000000e+00 3.250000000000000111e-02 1.549999999999999989e-02 -2.000000000000000000e+00 0.000000000000000000e+00 8.985000000000000764e-01 2.650000000000002354e-02 -2.000000000000000000e+00 -6.281187649997951566e-15 9.663499999999999091e+00 3.549999999999986500e-02 -2.000000000000000000e+00 7.497395656746101076e-14 1.743377914951988578e-04 2.402500000000000393e-04 5.095888203017815256e-04 7.022499999999987736e-04 9.145024005486357974e-04 1.260249999999936985e-03
1.000000000000000000e+00 -1.600000000000000033e-01 2.000000000000001776e-03 -2.000000000000000000e+00 0.000000000000000000e+00 7.940000000000000391e-01 5.699999999999999512e-02 -1.999999999999999778e+00 -2.927222336928244500e-15 9.787500000000001421e+00 1.185000000000000497e-01 -2.000000000000000000e+00 -2.247886179584762775e-14 2.902606310013722123e-06 4.000000000000007442e-06 2.357641975308635666e-03 3.248999999999994080e-03 1.018978086419771584e-02 1.404225000000019000e-02
1.000000000000000000e+00 -1.965000000000000080e-01 1.349999999999999811e-02 -2.000000000000000000e+00 3.184496169121487692e-15 6.540000000000000258e-01 3.000000000000002665e-03 -2.000000000000000000e+00 0.000000000000000000e+00 1.001650000000000063e+01 9.250000000000024869e-02 -2.000000000000000000e+00 -2.876764890175322499e-14 1.322499999999996367e-04 1.822499999999996052e-04 6.530864197530873719e-06 9.000000000000017169e-06 6.208856310013888269e-03 8.556250000000186970e-03
1.000000000000000000e+00 -4.670000000000000262e-01 2.090000000000000191e-01 -2.000000000000000000e+00 0.000000000000000000e+00 5.789999999999999591e-01 1.119999999999999607e-01 -2.000000000000000000e+00 6.945423219104144482e-16 1.009299999999999997e+01 1.240000000000005542e-01 -2.000000000000000000e+00 0.000000000000000000e+00 3.169718655692729814e-02 4.368100000000000455e-02 9.102573388203015828e-03 1.254399999999999613e-02 1.115761865569282751e-02 1.537600000000013609e-02
1.000000000000000000e+00 -1.911999999999999922e+00 9.999999999999997780e-02 -1.999999999999999778e+00 -3.252606517456516063e-15 1.195500000000000007e+00 4.125000000000000333e-01 -1.999999999999999778e+00 2.965784855831455606e-16 9.438499999999999446e+00 1.745000000000000995e-01 -2.000000000000000000e+00 0.000000000000000000e+00 7.256515775034271844e-03 9.999999999999975922e-03 1.234741512345679249e-01 1.701562500000000644e-01 2.209627194787381829e-02 3.045025000000003979e-02
1.000000000000000000e+00 -4.100000000000000311e-01 5.899999999999999689e-01 -2.000000000000000000e+00 2.027148025038751239e-16 1.446499999999999897e+00 2.450000000000007727e-02 -2.000000000000000000e+00 1.359296045368939736e-14 1.003350000000000009e+01 7.644999999999999574e-01 -2.000000000000000000e+00 0.000000000000000000e+00 2.525993141289436528e-01 3.480999999999999650e-01 4.355723593964315162e-04 6.002499999999992217e-04 4.241145024005484876e-01 5.844602500000000145e-01
1.000000000000000000e+00 1.115499999999999936e+00 5.164999999999999591e-01 -2.000000000000000000e+00 0.000000000000000000e+00 2.538499999999999979e+00 1.895000000000000018e-01 -2.000000000000000000e+00 3.632599152275978152e-15 8.992999999999998550e+00 3.380000000000000782e-01 -2.000000000000000000e+00 7.816807253507550708e-15 1.935837040466391601e-01 2.667722499999999886e-01 2.605832956104244674e-02 3.591024999999992834e-02 8.290133882030127632e-02 1.142439999999995542e-01
1.000000000000000000e+00 1.823500000000000121e+00 1.095000000000000417e-01 -2.000000000000000000e+00 -3.055411013226299402e-15 9.849999999999999867e-01 3.019999999999999352e-01 -2.000000000000000000e+00 0.000000000000000000e+00 9.590500000000000469e+00 1.714999999999999858e-01 -2.000000000000000000e+00 0.000000000000000000e+00 8.700743827160519264e-03 1.199025000000003213e-02 6.618232647462272966e-02 9.120399999999996565e-02 2.134304561042523266e-02 2.941225000000000089e-02
1.000000000000000000e+00 3.084999999999999964e-01 1.305000000000000049e-01 -2.000000000000000000e+00 0.000000000000000000e+00 1.046499999999999986e+00 2.564999999999999503e-01 -2.000000000000000000e+00 0.000000000000000000e+00 9.911000000000001364e+00 3.300000000000036238e-02 -2.000000000000000000e+00 -8.079775560529943550e-14 1.235802777777777681e-02 1.703025000000000025e-02 4.774224999999997221e-02 6.579224999999999657e-02 7.902345679012018776e-04 1.088999999999973886e-03
1.000000000000000000e+00 2.935999999999999943e+00 9.509999999999999565e-01 -1.999999999999999778e+00 3.872486689841866959e-16 2.127499999999999947e+00 3.014999999999998792e-01 -2.000000000000000000e+00 0.000000000000000000e+00 9.054000000000000270e+00 4.499999999999992895e-02 -2.000000000000000000e+00 0.000000000000000000e+00 6.562800123456790091e-01 9.044010000000003435e-01 6.596336111111103517e-02 9.090224999999994837e-02 1.469444444444439456e-03 2.024999999999993819e-03
1.000000000000000000e+00 1.345599999999999952e+01 5.889999999999995239e-01 -2.000000000000000000e+00 4.550395666882013798e-15 -2.008999999999999897e+00 2.213999999999999968e+00 -2.000000000000000000e+00 0.000000000000000000e+00 8.591499999999999915e+00 1.110500000000000043e+00 -2.000000000000000000e+00 0.000000000000000000e+00 2.517437709190676332e-01 3.469210000000003680e-01 3.556995999999999380e+00 4.901795999999999154e+00 8.948809633058985025e-01 1.233210250000000174e+00
1.000000000000000000e+00 9.321500000000000341e+00 1.942499999999999893e+00 -2.000000000000000000e+00 -1.393525674866125941e-15 -5.145999999999999908e+00 1.738999999999999879e+00 -2.000000000000000000e+00 0.000000000000000000e+00 9.746000000000000441e+00 2.689000000000000057e+00 -2.000000000000000000e+00 0.000000000000000000e+00 2.738105632716051563e+00 3.773306250000003637e+00 2.194458174211247226e+00 3.024121000000000059e+00 5.246984100137172646e+00 7.230721000000000842e+00
1.000000000000000000e+00 3.452999999999999847e+00 2.502000000000000224e+00 -2.000000000000000000e+00 2.835360632179052209e-16 5.839999999999999858e+00 3.291000000000000369e+00 -2.000000000000000000e+00 1.993455553149219130e-16 1.927599999999999980e+01 4.500000000000000000e+00 -2.000000000000000000e+00 0.000000000000000000e+00 4.542581777777777496e+00 6.260004000000002122e+00 7.859300753086416513e+00 1.083068100000000022e+01 1.469444444444444109e+01 2.025000000000000000e+01
1.000000000000000000e+00 1.432849999999999824e+01 1.731499999999999595e+00 -2.000000000000000000e+00 1.539838729239177403e-15 -3.746500000000000163e+00 1.744999999999998774e-01 -1.999999999999999778e+00 3.836028530209775079e-15 3.997500000000000053e+00 1.729500000000000259e+00 -2.000000000000000000e+00 0.000000000000000000e+00 2.175570370713307167e+00 2.998092250000001346e+00 2.209627194787383217e-02 3.045025000000002244e-02 2.170547410493827822e+00 2.991170250000001030e+00
1.000000000000000000e+00 1.276849999999999952e+01 1.794999999999999929e-01 -2.000000000000000000e+00 1.484711580663753849e-14 6.294999999999999485e-01 1.475000000000000200e-01 -1.999999999999999778e+00 1.081145613354000332e-15 -7.920500000000000540e+00 2.230499999999999705e+00 -2.000000000000000000e+00 5.602625248151972983e-16 2.338067524005458739e-02 3.222024999999973521e-02 1.578745713305899911e-02 2.175625000000002210e-02 3.610211114197527493e+00 4.975130249999996757e+00
1.000000000000000000e+00 1.353350000000000009e+01 6.135000000000001563e-01 -2.000000000000000000e+00 0.000000000000000000e+00 -3.940999999999999837e+00 9.640000000000001901e-01 -2.000000000000000000e+00 -6.816192037056013953e-16 -5.594999999999998863e-01 2.921499999999999986e+00 -2.000000000000000000e+00 0.000000000000000000e+00 2.731223734567902461e-01 3.763822500000001958e-01 6.743451083676273994e-01 9.292960000000007881e-01 6.193553950960217769e+00 8.535162250000002615e+00
1.000000000000000000e+00 1.204250000000000043e+01 2.449999999999974420e-02 -2.000000000000000000e+00 0.000000000000000000e+00 -3.559499999999999886e+00 1.076500000000000012e+00 -2.000000000000000000e+00 -5.339730983005844744e-16 5.551500000000000767e+00 3.214999999999998970e-01 -2.000000000000000000e+00 -4.280565791153453508e-15 4.355723593964242520e-04 6.002499999999876207e-04 8.409229633058979969e-01 1.158852249999999806e+00 7.500497976680403633e-02 1.033622500000001693e-01
1.000000000000000000e+00 8.242499999999999716e+00 8.774999999999995026e-01 -2.000000000000000000e+00 0.000000000000000000e+00 9.948999999999999844e+00 1.320999999999999730e+00 -2.000000000000000000e+00 0.000000000000000000e+00 1.510200000000000031e+01 2.634999999999998899e+00 -2.000000000000000000e+00 -1.068024066320163463e-15 5.587562499999991772e-01 7.700062499999992260e-01 1.266291754458161334e+00 1.745040999999999176e+00 5.038362174211238553e+00 6.943224999999991986e+00
1.000000000000000000e+00 1.081350000000000122e+01 1.045499999999999652e+00 -2.000000000000000444e+00 -2.623021694118824879e-15 -1.522000000000000020e+00 1.970999999999999863e+00 -2.000000000000000000e+00 1.739929305718904652e-16 8.192000000000000171e+00 1.020999999999999464e+00 -2.000000000000000000e+00 -1.356052038351871411e-15 7.931881512345655416e-01 1.093070249999997801e+00 2.819040999999998576e+00 3.884841000000000655e+00 7.564489561042522237e-01 1.042440999999999729e+00
1.000000000000000000e+00 1.486149999999999949e+01 2.095000000000002416e-01 -2.000000000000000000e+00 0.000000000000000000e+00 -4.253000000000000114e+00 9.829999999999998739e-01 -2.000000000000000000e+00 7.012952973825705948e-16 7.905000000000000915e-01 2.776499999999999968e+00 -2.000000000000000000e+00 0.000000000000000000e+00 3.184902914951995984e-02 4.389025000000009585e-02 7.011891371742112744e-01 9.662890000000001756e-01 5.594013361111109361e+00 7.708952250000001172e+00
1.000000000000000000e+00 1.105799999999999983e+01 2.959999999999993747e-01 -2.000000000000000000e+00 0.000000000000000000e+00 -1.330000000000000071e-01 1.230000000000000121e-01 -2.000000000000000000e+00 1.747898435222137067e-16 -1.086299999999999955e+01 4.630000000000000782e-01 -2.000000000000000000e+00 -5.732725229739681070e-15 6.357868861454019083e-02 8.761599999999963861e-02 1.097838271604937785e-02 1.512900000000000356e-02 1.555572030178333787e-01 2.143690000000008089e-01
1.000000000000000000e+00 1.158399999999999963e+01 7.519999999999997797e-01 -2.000000000000000000e+00 3.589710341561046520e-15 -4.782000000000000028e+00 5.259999999999998010e-01 -2.000000000000000000e+00 0.000000000000000000e+00 -1.604999999999999982e+00 8.870000000000000107e-01 -2.000000000000000000e+00 0.000000000000000000e+00 4.103588696845000827e-01 5.655040000000008948e-01 2.007703758573386177e-01 2.766759999999998110e-01 5.709201659807955354e-01 7.867690000000000516e-01
1.000000000000000000e+00 1.376449999999999996e+01 1.105499999999999261e+00 -2.000000000000000000e+00 0.000000000000000000e+00 -6.750500000000000611e+00 9.144999999999998685e-01 -1.999999999999999778e+00 1.451640580516265041e-15 6.265500000000000291e+00 2.333499999999999908e+00 -2.000000000000000000e+00 -2.096998191196926559e-16 8.868407438271589394e-01 1.222130249999998419e+00 6.068698521947877289e-01 8.363102500000004769e-01 3.951334115569270722e+00 5.445222250000001374e+00
1.000000000000000000e+00 1.068099999999999916e+01 5.000000000000000000e-01 -2.000000000000000000e+00 0.000000000000000000e+00 8.960499999999999687e+00 1.616499999999999826e+00 -1.999999999999999778e+00 9.462057954215292192e-16 1.864300000000000068e+01 6.880000000000006111e-01 -2.000000000000000000e+00 -7.755794906123095410e-15 1.814128943758572809e-01 2.500000000000000000e-01 1.896180000342933436e+00 2.613072249999998320e+00 3.434828203017858406e-01 4.733440000000029846e-01
1.000000000000000000e+00 1.227599999999999980e+01 8.999999999999985789e-02 -2.000000000000000000e+00 0.000000000000000000e+00 -4.312000000000000277e+00 9.790000000000000924e-01 -2.000000000000000000e+00 0.000000000000000000e+00 8.382500000000000284e+00 5.775000000000005684e-01 -2.000000000000000000e+00 0.000000000000000000e+00 5.877777777777757826e-03 8.099999999999975275e-03 6.954942235939642892e-01 9.584410000000003205e-01 2.420093364197534735e-01 3.335062500000007257e-01
1.000000000000000000e+00 1.250900000000000034e+01 9.239999999999994884e-01 -2.000000000000000000e+00 0.000000000000000000e+00 -2.525500000000000078e+00 1.178500000000000103e+00 -2.000000000000000000e+00 0.000000000000000000e+00 -1.939500000000000002e+00 1.792499999999999982e+00 -2.000000000000000000e+00 -1.542136171229521563e-16 6.195439012345671514e-01 8.537759999999990912e-01 1.007830082647462211e+00 1.388862250000000520e+00 2.331559336419752881e+00 3.213056250000001057e+00
1.000000000000000000e+00 1.197400000000000020e+01 5.110000000000001208e-01 -2.000000000000000000e+00 -5.304295598723650500e-15 2.177000000000000046e+00 2.450000000000001066e-01 -2.000000000000000000e+00 0.000000000000000000e+00 -6.926999999999999602e+00 5.530000000000003801e-01 -2.000000000000000000e+00 -2.297750558013881558e-15 1.894828655692737951e-01 2.611210000000009357e-01 4.355723593964336976e-02 6.002500000000005054e-02 2.219107832647460865e-01 3.058089999999999975e-01
1.000000000000000000e+00 1.170149999999999935e+01 2.995000000000000995e-01 -2.000000000000000000e+00 0.000000000000000000e+00 -1.086999999999999966e+00 4.599999999999999645e-01 -2.000000000000000000e+00 0.000000000000000000e+00 -1.118500000000000050e+00 1.468500000000000139e+00 -2.000000000000000000e+00 0.000000000000000000e+00 6.509112791495201555e-02 8.970025000000006465e-02 1.535478737997255927e-01 2.116000000000000103e-01 1.564862003086419984e+00 2.156492250000000332e+00
1.000000000000000000e+00 1.362800000000000011e+01 1.089999999999999858e-01 -2.000000000000000000e+00 0.000000000000000000e+00 -2.735000000000000320e+00 5.220000000000000195e-01 -2.000000000000000000e+00 1.268387887639112143e-15 4.708000000000000185e+00 8.179999999999998384e-01 -2.000000000000000000e+00 -8.113538664880934602e-16 8.621466392318239899e-03 1.188099999999999747e-02 1.977284444444446232e-01 2.724840000000002260e-01 4.855508861454040370e-01 6.691239999999994970e-01
1.000000000000000000e+00 7.804000000000000270e+00 1.739999999999999325e-01 -2.000000000000000000e+00 -7.656062466013976916e-15 1.073399999999999999e+01 1.305999999999999162e+00 -2.000000000000000000e+00 0.000000000000000000e+00 1.787449999999999761e+01 1.110500000000000043e+00 -1.999999999999999778e+00 4.701999024829235735e-15 2.196982716049367471e-02 3.027599999999985164e-02 1.237697454046637002e+00 1.705635999999998154e+00 8.948809633059015001e-01 1.233210250000003727e+00
1.000000000000000000e+00 1.121100000000000030e+01 1.769999999999996021e-01 -2.000000000000000000e+00 0.000000000000000000e+00 -2.142500000000000071e+00 8.215000000000001190e-01 -2.000000000000000000e+00 3.003853759672579833e-16 5.693999999999999950e+00 1.463000000000000078e+00 -2.000000000000000000e+00 0.000000000000000000e+00 2.273393827160483105e-02 3.132899999999986390e-02 4.897148563100134355e-01 6.748622499999999969e-01 1.553162141289437637e+00 2.140369000000000188e+00
1.000000000000000000e+00 1.225600000000000023e+01 5.459999999999993747e-01 -2.000000000000000000e+00 0.000000000000000000e+00 -3.405000000000000249e-01 4.274999999999999911e-01 -2.000000000000000000e+00 0.000000000000000000e+00 -1.854000000000000092e+00 6.360000000000001208e-01 -2.000000000000000000e+00 0.000000000000000000e+00 2.163283456790118242e-01 2.981159999999992705e-01 1.326173611111110817e-01 1.827562499999999812e-01 2.935231604938272620e-01 4.044960000000001887e-01
1.000000000000000000e+00 1.170149999999999935e+01 1.044999999999998153e-01 -2.000000000000000000e+00 0.000000000000000000e+00 2.391499999999999737e+00 8.350000000000012967e-02 -2.000000000000000000e+00 8.007912190284962586e-15 -1.010149999999999970e+01 1.449999999999995737e-02 -2.000000000000000000e+00 0.000000000000000000e+00 7.924296639231793310e-03 1.092024999999996124e-02 5.059424211248332061e-03 6.972250000000052191e-03 1.525682441700950927e-04 2.102499999999987680e-04
1.000000000000000000e+00 1.097049999999999947e+01 3.925000000000000711e-01 -2.000000000000000000e+00 0.000000000000000000e+00 -1.292999999999999927e+00 5.639999999999999458e-01 -2.000000000000000000e+00 -3.094161102490326564e-16 -2.858999999999999986e+00 1.240999999999999659e+00 -1.999999999999999778e+00 3.485347906011115570e-16 1.117911608367626874e-01 1.540562500000000890e-01 2.308268641975308455e-01 3.180960000000000454e-01 1.117562207133058649e+00 1.540080999999999589e+00
1.000000000000000000e+00 1.570599999999999952e+01 1.630000000000002558e-01 -2.000000000000000000e+00 0.000000000000000000e+00 -4.238500000000000156e+00 5.255000000000000782e-01 -2.000000000000000000e+00 0.000000000000000000e+00 3.178499999999999659e+00 6.935000000000000053e-01 -2.000000000000000000e+00 9.986012108023092825e-16 1.927983676268867422e-02 2.656900000000008213e-02 2.003888645404664215e-01 2.761502500000000970e-01 3.489965024005489691e-01 4.809422500000002376e-01
1.000000000000000000e+00 7.266000000000000014e+00 2.670000000000003482e-01 -2.000000000000000000e+00 0.000000000000000000e+00 8.753500000000000725e+00 4.214999999999999858e-01 -2.000000000000000000e+00 0.000000000000000000e+00 1.954650000000000176e+01 1.884500000000000952e+00 -2.000000000000000000e+00 -2.853318494287595752e-15 5.173097530864209648e-02 7.128900000000018555e-02 1.289208919753086213e-01 1.776622499999999938e-01 2.577035654663919040e+00 3.551340249999998200e+00
1.000000000000000000e+00 1.109949999999999903e+01 1.782499999999999751e+00 -2.000000000000000000e+00 1.489824824507247243e-15 -2.444499999999999673e+00 1.153499999999999970e+00 -1.999999999999999778e+00 -5.786919222265653201e-16 7.310999999999999943e+00 9.429999999999996163e-01 -2.000000000000000000e+00 0.000000000000000000e+00 2.305617292524007045e+00 3.177306250000002219e+00 9.655245956790123874e-01 1.330562250000000724e+00 6.452849396433464335e-01 8.892489999999990680e-01
1.000000000000000000e+00 1.572750000000000092e+01 2.855000000000007532e-01 -2.000000000000000000e+00 0.000000000000000000e+00 -3.391000000000000014e+00 5.060000000000000053e-01 -2.000000000000000000e+00 1.285434460070164691e-15 -2.300000000000002043e-02 1.694999999999999840e+00 -2.000000000000000000e+00 0.000000000000000000e+00 5.914804149519920645e-02 8.151025000000043652e-02 1.857929272976681923e-01 2.560360000000002634e-01 2.084815123456789099e+00 2.873024999999999718e+00
1.000000000000000000e+00 1.193399999999999928e+01 9.649999999999998579e-01 -2.000000000000000000e+00 0.000000000000000000e+00 3.860000000000000098e-01 2.379999999999999893e-01 -2.000000000000000000e+00 -1.930148144748663645e-16 -1.042800000000000082e+01 7.670000000000003482e-01 -1.999999999999999778e+00 3.506218705119364755e-15 6.757448902606306707e-01 9.312249999999998584e-01 4.110380795610423660e-02 5.664399999999999297e-02 4.268928408779140704e-01 5.882889999999995068e-01
1.000000000000000000e+00 1.107649999999999935e+01 1.448500000000000121e+00 -1.999999999999999778e+00 1.753460425462354947e-15 -3.361499999999999932e+00 5.335000000000000853e-01 -2.000000000000000000e+00 0.000000000000000000e+00 -2.342999999999999972e+00 1.332999999999999963e+00 -1.999999999999999778e+00 -2.812360774389517572e-16 1.522527490054871979e+00 2.098152250000002272e+00 2.065365847050754655e-01 2.846222500000000766e-01 1.289402305898490919e+00 1.776888999999999719e+00
1.000000000000000000e+00 1.555899999999999928e+01 4.659999999999993037e-01 -2.000000000000000000e+00 0.000000000000000000e+00 -6.025999999999999801e+00 3.699999999999992184e-02 -2.000000000000000000e+00 0.000000000000000000e+00 3.757499999999999840e+00 1.811500000000000110e+00 -1.999999999999999778e+00 2.241178568061913339e-16 1.575795939643341859e-01 2.171559999999993495e-01 9.934170096021904817e-04 1.368999999999994353e-03 2.381249053840877927e+00 3.281532250000000595e+00
1.000000000000000000e+00 7.397999999999999687e+00 1.173000000000000043e+00 -2.000000000000000000e+00 0.000000000000000000e+00 7.801500000000000767e+00 5.024999999999999467e-01 -2.000000000000000000e+00 -2.624963604639978577e-15 1.846049999999999969e+01 1.257500000000000284e+00 -2.000000000000000000e+00 0.000000000000000000e+00 9.984450493827158324e-01 1.375929000000000402e+00 1.832315586419748510e-01 2.525062499999995436e-01 1.147477374828532737e+00 1.581306250000000579e+00
1.000000000000000000e+00 1.306850000000000023e+01 2.740499999999999936e+00 -2.000000000000000000e+00 -9.493655721755887337e-16 -3.550499999999999989e+00 1.556499999999999995e+00 -2.000000000000000000e+00 -2.944169807917655513e-16 7.720000000000000639e+00 1.647000000000000242e+00 -2.000000000000000000e+00 0.000000000000000000e+00 5.449890249999994829e+00 7.510340249999995166e+00 1.758030453017832562e+00 2.422692250000000769e+00 1.968409000000000075e+00 2.712609000000000936e+00
1.000000000000000000e+00 1.536149999999999949e+01 1.219500000000000028e+00 -2.000000000000000000e+00 0.000000000000000000e+00 -5.126000000000000334e+00 9.119999999999999218e-01 -2.000000000000000000e+00 0.000000000000000000e+00 -6.709999999999999298e-01 2.024000000000000021e+00 -2.000000000000000000e+00 0.000000000000000000e+00 1.079174694444444249e+00 1.487180250000000203e+00 6.035563456790121739e-01 8.317439999999998168e-01 2.972686836762688412e+00 4.096576000000000661e+00
1.000000000000000000e+00 9.245000000000000995e+00 8.479999999999998650e-01 -1.999999999999999778e+00 -3.186109677535202993e-15 1.124000000000000110e+00 3.999999999999992450e-02 -2.000000000000000000e+00 -8.364450354136261602e-15 -9.442000000000000171e+00 6.720000000000005969e-01 -2.000000000000000000e+00 0.000000000000000000e+00 5.218189519890269468e-01 7.191040000000011867e-01 1.161042524005474579e-03 1.599999999999986633e-03 3.276926419753091180e-01 4.515840000000009291e-01
1.000000000000000000e+00 1.347200000000000131e+01 1.572000000000000064e+00 -1.999999999999999778e+00 -1.714762017074147751e-15 -2.898499999999999854e+00 9.814999999999999281e-01 -2.000000000000000000e+00 -3.522577629364852066e-16 -2.919499999999999762e+00 1.340500000000000025e+00 -2.000000000000000000e+00 -2.765419527669133519e-16 1.793218567901232241e+00 2.471183999999997383e+00 6.990508233882030131e-01 9.633422500000001776e-01 1.303952527091906122e+00 1.796940249999999351e+00
1.000000000000000000e+00 1.554299999999999926e+01 1.049999999999995381e-01 -1.999999999999999778e+00 2.538117168716774352e-14 -5.413000000000000256e+00 1.810000000000000497e-01 -2.000000000000000000e+00 0.000000000000000000e+00 4.521499999999999631e+00 1.088500000000000245e+00 -1.999999999999999778e+00 1.291267405917698507e-15 8.000308641975395832e-03 1.102500000000006079e-02 2.377307133058985736e-02 3.276100000000001927e-02 8.597753912894386952e-01 1.184832250000001252e+00
1.000000000000000000e+00 8.379500000000000171e+00 1.682499999999999662e+00 -2.000000000000000000e+00 -7.459247019646673947e-16 8.340500000000000469e+00 3.795000000000001705e-01 -2.000000000000000000e+00 0.000000000000000000e+00 1.738850000000000051e+01 1.347500000000000142e+00 -2.000000000000000000e+00 0.000000000000000000e+00 2.054179020919065124e+00 2.830806249999997526e+00 1.045085216049383425e-01 1.440202500000001551e-01 1.317606387174211191e+00 1.815756250000000405e+00
1.000000000000000000e+00 1.435650000000000048e+01 1.246500000000000163e+00 -2.000000000000000000e+00 -2.120972830908136785e-15 -3.594500000000000028e+00 1.449499999999999789e+00 -1.999999999999999778e+00 4.374584570019496545e-16 6.812500000000000000e+00 1.216499999999999915e+00 -2.000000000000000000e+00 0.000000000000000000e+00 1.127490027777775738e+00 1.553762249999998790e+00 1.524630428326473330e+00 2.101050249999999231e+00 1.073871632716049129e+00 1.479872249999999889e+00
