1.000000000000000000e+00 -7.224999999999999201e-01 9.449999999999997291e-02 -2.000000000000000000e+00 -1.798634350347713920e-15 -2.170000000000000262e-01 4.900000000000000189e-02 -2.000000000000000000e+00 9.215566409281032797e-16 9.605999999999999872e+00 7.600000000000051159e-02 -2.000000000000000000e+00 0.000000000000000000e+00 6.480249999999985154e-03 8.930249999999986810e-03 1.742289437585732353e-03 2.400999999999999489e-03 4.191363511659863816e-03 5.776000000000077080e-03
1.000000000000000000e+00 -8.734999999999999432e-01 3.350000000000002975e-02 -2.000000000000000000e+00 -4.956653535067693677e-15 -7.045000000000000151e-01 6.550000000000000266e-02 -2.000000000000000000e+00 0.000000000000000000e+00 9.917999999999999261e+00 1.440000000000001279e-01 -2.000000000000000000e+00 0.000000000000000000e+00 8.143624828532280025e-04 1.122250000000005405e-03 3.113226680384086932e-03 4.290250000000000660e-03 1.504711111111113261e-02 2.073600000000003912e-02
1.000000000000000000e+00 -8.104999999999999982e-01 1.864999999999999991e-01 -2.000000000000000000e+00 0.000000000000000000e+00 -6.214999999999999414e-01 5.500000000000004885e-03 -2.000000000000000000e+00 -3.030799707962880621e-14 9.538999999999999702e+00 2.880000000000002558e-01 -2.000000000000000000e+00 0.000000000000000000e+00 2.523979458161864850e-02 3.478225000000000067e-02 2.195096021947929888e-05 3.025000000000056927e-05 6.018844444444453046e-02 8.294400000000015649e-02
1.000000000000000000e+00 5.430000000000000382e-01 1.047000000000000153e+00 -2.000000000000000000e+00 0.000000000000000000e+00 9.950000000000000511e-02 2.255000000000000060e-01 -2.000000000000000000e+00 0.000000000000000000e+00 9.902499999999999858e+00 3.365000000000000213e-01 -2.000000000000000000e+00 7.921807747915773131e-15 7.954657901234568618e-01 1.096209000000000433e+00 3.689956412894374732e-02 5.085025000000000656e-02 8.216716083676216253e-02 1.132322499999995208e-01
1.000000000000000000e+00 1.068850000000000122e+01 8.434999999999995834e-01 -1.999999999999999778e+00 -3.144878637187153724e-15 -1.525500000000000078e+00 7.035000000000000142e-01 -1.999999999999999778e+00 2.391548473615139553e-16 9.282999999999999474e+00 2.469999999999998863e-01 -2.000000000000000000e+00 0.000000000000000000e+00 5.162954735939625506e-01 7.114922499999982719e-01 3.591338549382714906e-01 4.949122500000001090e-01 4.427127709190667448e-02 6.100899999999994522e-02
1.000000000000000000e+00 9.891000000000000014e+00 8.109999999999999432e-01 -2.000000000000000000e+00 0.000000000000000000e+00 -7.307499999999999218e+00 4.334999999999999964e-01 -2.000000000000000000e+00 -2.981199131703076705e-15 9.682500000000000995e+00 3.995000000000006324e-01 -1.999999999999999778e+00 -6.638496509084037758e-15 4.772762812071329463e-01 6.577210000000000001e-01 1.363660771604941202e-01 1.879222500000003182e-01 1.158141731824414294e-01 1.596002499999999158e-01
1.000000000000000000e+00 3.671499999999999986e+00 1.601499999999999924e+00 -1.999999999999999778e+00 -3.243475687280336542e-16 1.542499999999999982e+00 3.196499999999999897e+00 -2.000000000000000000e+00 0.000000000000000000e+00 1.201050000000000040e+01 9.574999999999995737e-01 -2.000000000000000000e+00 0.000000000000000000e+00 1.861152798696845245e+00 2.564802250000000505e+00 7.414426447530862774e+00 1.021761224999999840e+01 6.652819015775026656e-01 9.168062499999992676e-01
1.000000000000000000e+00 8.562000000000001165e+00 1.443000000000000504e+00 -2.000000000000000000e+00 -1.921385815213695529e-15 3.195000000000000284e+00 1.918000000000000149e+00 -1.999999999999999778e+00 -1.258793258282544343e-16 1.195899999999999963e+01 1.583000000000000185e+00 -2.000000000000000000e+00 0.000000000000000000e+00 1.510987271604936844e+00 2.082248999999999572e+00 2.669471873799726058e+00 3.678724000000000771e+00 1.818402305898491278e+00 2.505889000000000699e+00
1.000000000000000000e+00 1.297550000000000026e+01 1.884999999999994458e-01 -2.000000000000000000e+00 0.000000000000000000e+00 -2.310999999999999943e+00 2.000000000000001776e-02 -2.000000000000000000e+00 0.000000000000000000e+00 4.024499999999999744e+00 8.905000000000000693e-01 -2.000000000000000000e+00 7.861012063557810939e-16 2.578403326474606669e-02 3.553224999999979317e-02 2.902606310013721683e-04 4.000000000000007781e-04 5.754346258573385109e-01 7.929902499999997856e-01
1.000000000000000000e+00 1.228049999999999997e+01 5.625000000000000000e-01 -2.000000000000000000e+00 0.000000000000000000e+00 1.742500000000000160e+00 3.735000000000000542e-01 -2.000000000000000000e+00 -8.656289755907087229e-16 -1.439999999999999891e-01 3.439999999999999725e-01 -2.000000000000000000e+00 0.000000000000000000e+00 2.296006944444443920e-01 3.164062500000000000e-01 1.012300277777777313e-01 1.395022499999999666e-01 8.587070507544578013e-02 1.183360000000000106e-01
1.000000000000000000e+00 7.028000000000000469e+00 9.159999999999999254e-01 -1.999999999999999778e+00 -1.516746871677247870e-15 1.909999999999999920e+00 2.209999999999998632e-01 -2.000000000000000000e+00 0.000000000000000000e+00 -9.477499999999999147e+00 2.228499999999999925e+00 -2.000000000000000000e+00 -5.617723264514170254e-16 6.088623100137164901e-01 8.390559999999992469e-01 3.544154869684494613e-02 4.884099999999994002e-02 3.603739753429356707e+00 4.966212250000000772e+00
1.000000000000000000e+00 1.096300000000000097e+01 1.322000000000000064e+00 -1.999999999999999778e+00 -2.018204428299291943e-15 3.749999999999999861e-02 3.849999999999999950e-02 -2.000000000000000000e+00 0.000000000000000000e+00 -4.535499999999999865e+00 9.794999999999998153e-01 -2.000000000000000000e+00 0.000000000000000000e+00 1.268209651577501429e+00 1.747683999999998239e+00 1.075597050754457679e-03 1.482250000000000277e-03 6.962048179012341187e-01 9.594202499999995304e-01
1.000000000000000000e+00 1.299050000000000082e+01 5.514999999999998792e-01 -2.000000000000000000e+00 -4.798568359391821071e-15 -3.570000000000000395e-01 3.089999999999999969e-01 -2.000000000000000000e+00 2.939847630230177649e-16 3.325000000000000178e+00 1.183000000000000052e+00 -1.999999999999999778e+00 -6.035295034375996017e-16 2.207085600137181358e-01 3.041522500000006790e-01 6.928593827160495211e-02 9.548100000000003806e-02 1.015541400548696460e+00 1.399488999999999539e+00
1.000000000000000000e+00 8.907500000000000639e+00 1.988500000000000600e+00 -2.000000000000000000e+00 -6.777580447694591965e-16 4.248000000000000220e+00 2.466000000000000192e+00 -2.000000000000000000e+00 0.000000000000000000e+00 6.261499999999999844e+00 1.554499999999999993e+00 -2.000000000000000000e+00 0.000000000000000000e+00 2.869322304869687201e+00 3.954132250000004678e+00 4.412800444444444636e+00 6.081156000000000894e+00 1.753515448902605911e+00 2.416470249999999709e+00
1.000000000000000000e+00 1.228600000000000136e+01 6.740000000000003766e-01 -1.999999999999999778e+00 -3.988625168562052876e-15 8.701000000000000512e+00 1.511999999999999567e+00 -2.000000000000000000e+00 -1.798634350347713920e-15 7.673500000000000654e+00 1.620500000000000274e+00 -1.999999999999999778e+00 -8.348589398070731350e-16 3.296460960219471104e-01 4.542759999999996245e-01 1.658944000000001084e+00 2.286144000000001064e+00 1.905575736968450951e+00 2.626020250000002498e+00
1.000000000000000000e+00 1.147800000000000153e+01 1.810000000000000220e-01 -1.999999999999999556e+00 -1.470044891806143218e-14 -6.300000000000000044e-02 5.480000000000000426e-01 -2.000000000000000000e+00 0.000000000000000000e+00 3.157999999999999474e+00 8.859999999999998987e-01 -1.999999999999999556e+00 7.183259864396149578e-16 2.377307133058958674e-02 3.276099999999974172e-02 2.179160713305897945e-01 3.003040000000001264e-01 5.696335857338814535e-01 7.849959999999994720e-01
1.000000000000000000e+00 9.559499999999999886e+00 3.250000000000063949e-02 -2.000000000000000000e+00 0.000000000000000000e+00 1.796999999999999931e+00 5.340000000000000302e-01 -2.000000000000000000e+00 0.000000000000000000e+00 -1.835500000000000131e+00 3.965000000000000746e-01 -2.000000000000000000e+00 0.000000000000000000e+00 7.664694787380271768e-04 1.056250000000041748e-03 2.069239012345678863e-01 2.851560000000000761e-01 1.140813172153635341e-01 1.572122500000000811e-01
1.000000000000000000e+00 9.033999999999998920e+00 6.800000000000006040e-01 -2.000000000000000000e+00 3.972244881892739157e-15 3.845500000000000362e+00 1.365000000000000657e-01 -1.999999999999999778e+00 -4.945045685766426634e-15 -3.815500000000000114e+00 4.314999999999999947e-01 -1.999999999999999778e+00 1.554606044999151732e-15 3.355412894375851551e-01 4.623999999999999222e-01 1.352052160493822687e-02 1.863224999999997175e-02 1.351106999314126977e-01 1.861922499999998648e-01
1.000000000000000000e+00 8.830500000000000682e+00 4.954999999999998295e-01 -2.000000000000000000e+00 0.000000000000000000e+00 2.181999999999999940e+00 3.790000000000000036e-01 -2.000000000000000000e+00 0.000000000000000000e+00 -4.358999999999999986e+00 7.110000000000000764e-01 -2.000000000000000000e+00 -1.003886903604146318e-15 1.781621567215362079e-01 2.455202499999998289e-01 1.042333182441700784e-01 1.436410000000000187e-01 3.668321111111109145e-01 5.055209999999998871e-01
1.000000000000000000e+00 9.881499999999999062e+00 4.684999999999996945e-01 -2.000000000000000000e+00 5.668142336147818860e-15 1.824000000000000066e+00 1.510000000000000231e-01 -2.000000000000000000e+00 0.000000000000000000e+00 1.846000000000000085e+00 2.010000000000000675e-01 -2.000000000000000000e+00 0.000000000000000000e+00 1.592748974622775482e-01 2.194922500000004717e-01 1.654558161865569629e-02 2.280100000000000529e-02 2.931704938271606845e-02 4.040100000000002717e-02
1.000000000000000000e+00 1.263550000000000040e+01 1.250000000000017764e-02 -2.000000000000000000e+00 -2.131541471106410588e-13 1.430000000000000160e+00 8.999999999999998279e-02 -2.000000000000000000e+00 -3.718114446109414507e-15 2.506000000000000227e+00 8.600000000000007638e-02 -2.000000000000000000e+00 -7.755794906123095410e-15 1.133830589849329676e-04 1.562500000000233678e-04 5.877777777777789051e-03 8.100000000000011705e-03 5.366919067215340441e-03 7.395999999999980715e-03
1.000000000000000000e+00 1.044500000000000028e+01 7.739999999999999103e-01 -1.999999999999999778e+00 -3.471805205568852313e-15 1.698499999999999899e+00 9.435000000000000053e-01 -2.000000000000000000e+00 1.321857125060512703e-16 1.927500000000000213e+00 7.950000000000001510e-02 -2.000000000000000000e+00 -4.207687701125850415e-15 4.347204444444455751e-01 5.990760000000012742e-01 6.459694104938269454e-01 8.901922500000000182e-01 4.586299382716063980e-03 6.320250000000019429e-03
1.000000000000000000e+00 9.123000000000001108e+00 3.030000000000000249e+00 -2.000000000000000000e+00 -8.301291784383345572e-16 1.004100000000000037e+01 9.400000000000030553e-02 -2.000000000000000000e+00 -2.832607796795413514e-14 4.633499999999999730e+00 9.675000000000000266e-01 -2.000000000000000000e+00 6.742485144056473764e-16 6.662134567901229154e+00 9.180899999999997618e+00 6.411857338820201035e-03 8.835999999999913368e-03 6.792506944444438588e-01 9.360562499999998121e-01
1.000000000000000000e+00 1.132450000000000045e+01 7.335000000000002629e-01 -2.000000000000000000e+00 -3.727569534202755898e-15 1.731999999999999984e+00 1.194999999999999840e+00 -2.000000000000000000e+00 2.602354788949818269e-16 3.689000000000000057e+00 4.199999999999999289e-01 -2.000000000000000000e+00 0.000000000000000000e+00 3.904166944444434906e-01 5.380222499999993691e-01 1.036248593964333997e+00 1.428024999999999656e+00 1.280049382716048623e-01 1.763999999999999457e-01
1.000000000000000000e+00 1.124350000000000094e+01 5.315000000000003055e-01 -2.000000000000000000e+00 -4.991191075263145419e-15 3.160000000000000031e-01 3.330000000000000182e-01 -2.000000000000000000e+00 0.000000000000000000e+00 -1.090500000000000025e+00 3.414999999999999702e-01 -2.000000000000000000e+00 5.226842067739702654e-16 2.049909468449941374e-01 2.824922500000011660e-01 8.046677777777774820e-02 1.108890000000000292e-01 8.462711968449926347e-02 1.166222499999999412e-01
1.000000000000000000e+00 9.042500000000000426e+00 2.145000000000001350e-01 -2.000000000000000000e+00 -1.239188810594686800e-14 2.221499999999999808e+00 3.749999999999986677e-02 -2.000000000000000000e+00 1.779697788316965447e-14 -3.160499999999999865e+00 2.735000000000000764e-01 -2.000000000000000000e+00 -2.458987164020632997e-15 3.338741049382751985e-02 4.601025000000038417e-02 1.020447530864204222e-03 1.406250000000004285e-03 5.428037071330601981e-02 7.480225000000015334e-02
1.000000000000000000e+00 7.935999999999999943e+00 7.000000000000028422e-02 -2.000000000000000000e+00 0.000000000000000000e+00 3.344500000000000028e+00 1.495000000000001883e-01 -2.000000000000000000e+00 0.000000000000000000e+00 -4.349499999999999922e+00 5.495000000000000995e-01 -2.000000000000000000e+00 0.000000000000000000e+00 3.555692729766832521e-03 4.900000000000038873e-03 1.621849417009605873e-02 2.235025000000005757e-02 2.191106752400549529e-01 3.019502500000000866e-01
1.000000000000000000e+00 9.794999999999999929e+00 9.699999999999953104e-02 -2.000000000000000000e+00 0.000000000000000000e+00 2.217500000000000249e+00 2.935000000000000941e-01 -2.000000000000000000e+00 -2.332839477841475752e-15 -3.247500000000000053e+00 3.165000000000000036e-01 -2.000000000000000000e+00 0.000000000000000000e+00 6.827655692729699306e-03 9.408999999999910491e-03 6.250925960219493038e-02 8.614225000000017007e-02 7.269015123456788741e-02 1.001722500000000043e-01
1.000000000000000000e+00 1.095550000000000068e+01 4.624999999999994671e-01 -2.000000000000000000e+00 -5.751337959482005988e-15 1.771500000000000075e+00 1.850000000000007194e-02 -2.000000000000000000e+00 -1.799315837651504621e-14 -8.900000000000000133e-01 1.600000000000001421e-02 -2.000000000000000000e+00 0.000000000000000000e+00 1.552214077503418777e-01 2.139062499999987987e-01 2.483542524005470783e-04 3.422499999999991846e-04 1.857668038408782159e-04 2.560000000000004763e-04
1.000000000000000000e+00 1.147500000000000142e+01 7.679999999999997939e-01 -2.000000000000000000e+00 -3.431267726145895660e-15 1.680000000000000104e-01 1.389999999999999847e-01 -1.999999999999999778e+00 -4.037066212614315545e-16 1.474999999999999645e-01 4.234999999999999876e-01 -2.000000000000000000e+00 0.000000000000000000e+00 4.280067160493835621e-01 5.898240000000009031e-01 1.402031412894375051e-02 1.932100000000000137e-02 1.301472431412893926e-01 1.793522499999999908e-01
1.000000000000000000e+00 7.228500000000000369e+00 5.849999999999999645e-02 -2.000000000000000000e+00 -2.281300989237819034e-14 7.212999999999999190e+00 2.903000000000000025e+00 -2.000000000000000000e+00 5.082614194256927346e-16 4.508499999999999730e+00 8.864999999999998437e-01 -2.000000000000000000e+00 0.000000000000000000e+00 2.483361111111154467e-03 3.422250000000043313e-03 6.115362635116599499e+00 8.427409000000002592e+00 5.702766944444440655e-01 7.858822499999997824e-01
1.000000000000000000e+00 1.109200000000000053e+01 1.092999999999999972e+00 -2.000000000000000000e+00 0.000000000000000000e+00 6.684499999999999886e+00 1.419499999999999762e+00 -2.000000000000000000e+00 -1.009200337756724969e-15 3.698500000000000121e+00 6.845000000000001084e-01 -1.999999999999999778e+00 -1.038511062502134059e-15 8.668989314128944246e-01 1.194648999999999628e+00 1.462173597050754559e+00 2.014980250000000694e+00 3.399969715363514444e-01 4.685402500000004911e-01
1.000000000000000000e+00 1.084100000000000108e+01 4.059999999999996945e-01 -2.000000000000000000e+00 -6.532098061852615515e-15 1.161999999999999922e+00 4.919999999999999374e-01 -2.000000000000000000e+00 3.495796870444276106e-16 2.388499999999999623e+00 7.464999999999999414e-01 -2.000000000000000000e+00 8.673695159056100707e-16 1.196135034293544508e-01 1.648359999999991499e-01 1.756541234567899623e-01 2.420639999999999459e-01 4.043782307956099720e-01 5.572622499999997370e-01
1.000000000000000000e+00 1.147299999999999898e+01 4.569999999999998508e-01 -2.000000000000000000e+00 5.816096905256036391e-15 1.376500000000000057e+00 7.155000000000000249e-01 -2.000000000000000000e+00 0.000000000000000000e+00 -3.110999999999999766e+00 8.299999999999998490e-01 -2.000000000000000000e+00 -7.766689516376952056e-16 1.515516063100129096e-01 2.088489999999991742e-01 3.714902499999999108e-01 5.119402500000000966e-01 4.999013717421125214e-01 6.889000000000000679e-01
1.000000000000000000e+00 8.229499999999999815e+00 4.314999999999997726e-01 -2.000000000000000000e+00 0.000000000000000000e+00 3.427000000000000046e+00 6.930000000000000604e-01 -2.000000000000000000e+00 0.000000000000000000e+00 -3.057500000000000107e+00 4.564999999999999059e-01 -2.000000000000000000e+00 1.458807196915280367e-15 1.351106999314127255e-01 1.861922499999998093e-01 3.484934444444444668e-01 4.802490000000001480e-01 1.512201649519891167e-01 2.083922500000001121e-01
1.000000000000000000e+00 9.388999999999999346e+00 5.629999999999997229e-01 -2.000000000000000000e+00 4.743783861447613442e-15 3.460500000000000131e+00 3.765000000000000568e-01 -2.000000000000000000e+00 0.000000000000000000e+00 -2.630500000000000060e+00 7.355000000000000426e-01 -2.000000000000000000e+00 0.000000000000000000e+00 2.300090548696850645e-01 3.169690000000006114e-01 1.028627438271604994e-01 1.417522500000000518e-01 3.925486587791495730e-01 5.409602500000000314e-01
1.000000000000000000e+00 1.130849999999999866e+01 1.885000000000003340e-01 -2.000000000000000000e+00 1.405063443922082639e-14 1.077499999999999902e+00 2.214999999999999747e-01 -1.999999999999999556e+00 7.183259864396149578e-16 -9.915000000000000480e-01 8.165000000000000036e-01 -2.000000000000000000e+00 0.000000000000000000e+00 2.578403326474659751e-02 3.553225000000041767e-02 3.560209910836759084e-02 4.906224999999996700e-02 4.837717698902604946e-01 6.666722500000000773e-01
1.000000000000000000e+00 1.231200000000000117e+01 1.930000000000005045e-01 -2.000000000000000000e+00 -1.381445702818483795e-14 9.990000000000001101e-01 1.010000000000000342e-01 -2.000000000000000000e+00 -1.473242325766649371e-15 1.345000000000000195e+00 2.100000000000001865e-02 -2.000000000000000000e+00 -1.582298886459276138e-14 2.702979561042508430e-02 3.724899999999990718e-02 7.402371742112475242e-03 1.020099999999999826e-02 3.200123456790088532e-04 4.409999999999967874e-04
1.000000000000000000e+00 6.636000000000000121e+00 1.102999999999999758e+00 -2.000000000000000000e+00 0.000000000000000000e+00 9.179999999999999716e+00 3.210999999999999854e+00 -1.999999999999999778e+00 4.292391070762563758e-16 6.310999999999999943e+00 1.150000000000002132e-01 -2.000000000000000000e+00 0.000000000000000000e+00 8.828342400548691016e-01 1.216608999999999607e+00 7.481845828532236453e+00 1.031052100000000138e+01 9.596742112482885972e-03 1.322500000000005095e-02
1.000000000000000000e+00 1.033099999999999952e+01 1.890000000000000568e-01 -2.000000000000000000e+00 0.000000000000000000e+00 7.293499999999999872e+00 8.614999999999994884e-01 -2.000000000000000000e+00 0.000000000000000000e+00 4.368999999999999773e+00 4.770000000000000906e-01 -2.000000000000000000e+00 1.342623995800841319e-15 2.592100000000000654e-02 3.572100000000002357e-02 5.385657205075439213e-01 7.421822499999990441e-01 1.651067777777776024e-01 2.275289999999999535e-01
1.000000000000000000e+00 1.117450000000000010e+01 1.415000000000006253e-01 -2.000000000000000000e+00 0.000000000000000000e+00 3.170000000000000040e-01 4.249999999999999889e-01 -2.000000000000000000e+00 0.000000000000000000e+00 4.202500000000000568e+00 4.174999999999999822e-01 -2.000000000000000000e+00 -3.241900823453053559e-15 1.452917729766816518e-02 2.002225000000017532e-02 1.310708161865568877e-01 1.806250000000000078e-01 1.264856052812074194e-01 1.743062500000003012e-01
1.000000000000000000e+00 1.105049999999999955e+01 2.705000000000001847e-01 -2.000000000000000000e+00 0.000000000000000000e+00 -9.949999999999999123e-02 4.849999999999999450e-02 -2.000000000000000000e+00 -2.969853859173835169e-16 -2.474499999999999922e+00 1.170499999999999874e+00 -2.000000000000000000e+00 -2.769210483322965531e-16 5.309610733882035721e-02 7.317025000000010326e-02 1.706913923182441090e-03 2.352249999999999307e-03 9.941936382030176489e-01 1.370070250000000600e+00
1.000000000000000000e+00 8.791000000000000369e+00 2.080000000000001847e-01 -2.000000000000000000e+00 0.000000000000000000e+00 2.355500000000000149e+00 1.065499999999999892e+00 -2.000000000000000000e+00 -6.424626839332865075e-16 -4.753499999999999837e+00 8.864999999999998437e-01 -2.000000000000000000e+00 0.000000000000000000e+00 3.139458984910840911e-02 4.326400000000008017e-02 8.238251608367619383e-01 1.135290249999999279e+00 5.702766944444440655e-01 7.858822499999997824e-01
1.000000000000000000e+00 9.609999999999999432e+00 5.350000000000001421e-01 -2.000000000000000000e+00 0.000000000000000000e+00 2.120499999999999829e+00 9.964999999999999414e-01 -2.000000000000000000e+00 6.731774677772987954e-16 -3.022000000000000242e+00 8.320000000000000728e-01 -2.000000000000000000e+00 8.674666050624374460e-16 2.076996227709191345e-01 2.862250000000001737e-01 7.205809056927290346e-01 9.930122499999994856e-01 5.023134375857335465e-01 6.922239999999998394e-01
1.000000000000000000e+00 9.658999999999998920e+00 5.699999999999950245e-02 -2.000000000000000000e+00 4.668919627400671500e-14 -1.714999999999999858e-01 3.054999999999999938e-01 -2.000000000000000000e+00 0.000000000000000000e+00 -1.873000000000000220e+00 1.069000000000000172e+00 -2.000000000000000000e+00 2.726455218649605327e-16 2.357641975308513368e-03 3.248999999999856603e-03 6.772524314128941514e-02 9.333024999999998961e-02 8.292463223593965482e-01 1.142761000000000360e+00
1.000000000000000000e+00 1.295899999999999963e+01 8.800000000000007816e-02 -2.000000000000000000e+00 3.030799707962880621e-14 2.079999999999999627e-01 3.559999999999999831e-01 -2.000000000000000000e+00 0.000000000000000000e+00 2.384500000000000064e+00 6.150000000000011013e-02 -2.000000000000000000e+00 0.000000000000000000e+00 5.619445816186700512e-03 7.744000000000145732e-03 9.196617832647460689e-02 1.267359999999999876e-01 2.744595679012354870e-03 3.782250000000013466e-03
1.000000000000000000e+00 9.807000000000000384e+00 1.496999999999999886e+00 -2.000000000000000000e+00 0.000000000000000000e+00 7.464499999999999247e+00 1.927499999999999769e+00 -2.000000000000000000e+00 7.441634010286633063e-16 2.961999999999999744e+00 1.095999999999999863e+00 -1.999999999999999778e+00 5.903051978782014129e-16 1.626191716049382174e+00 2.241009000000000029e+00 2.695981558641975528e+00 3.715256250000000371e+00 8.716642853223596221e-01 1.201216000000000061e+00
1.000000000000000000e+00 8.435999999999999943e+00 5.879999999999996341e-01 -2.000000000000000000e+00 -2.252694011157590265e-15 5.963000000000000078e+00 5.750000000000001776e-01 -2.000000000000000000e+00 0.000000000000000000e+00 4.980500000000000149e+00 3.849999999999997868e-02 -2.000000000000000000e+00 0.000000000000000000e+00 2.508896790123457676e-01 3.457439999999999958e-01 2.399185528120714173e-01 3.306250000000002243e-01 1.075597050754456812e-03 1.482249999999998326e-03
1.000000000000000000e+00 1.158449999999999847e+01 7.145000000000002460e-01 -2.000000000000000000e+00 3.804639771314636969e-15 1.208999999999999853e+00 1.114999999999999991e+00 -2.000000000000000000e+00 3.203654100110943972e-16 5.602000000000000313e+00 8.000000000000007105e-03 -2.000000000000000000e+00 0.000000000000000000e+00 3.704525682441712209e-01 5.105102500000012755e-01 9.021481824417002526e-01 1.243224999999999802e+00 4.644170096021955397e-05 6.400000000000011908e-05
1.000000000000000000e+00 1.269950000000000045e+01 9.005000000000000782e-01 -2.000000000000000000e+00 -2.964788310862343408e-15 -1.604000000000000092e+00 5.900000000000005240e-02 -1.999999999999999778e+00 5.608970772405384384e-15 -2.213499999999999801e+00 1.612500000000000044e+00 -2.000000000000000000e+00 -4.236732483247122142e-16 5.884310456104265841e-01 8.109002500000015434e-01 2.525993141289452175e-03 3.481000000000017500e-03 1.886807484567901927e+00 2.600156250000000835e+00
4.000000000000000000e+00 6.824500000000000455e+00 3.415000000000003588e-01 -2.000000000000000000e+00 -3.920131550804764122e-15 -8.208999999999999631e+00 1.479999999999996874e-01 -2.000000000000000000e+00 0.000000000000000000e+00 -2.612000000000000099e+00 3.699999999999992184e-02 -2.000000000000000000e+00 0.000000000000000000e+00 8.462711968449973532e-02 1.166222500000005102e-01 1.589467215363504771e-02 2.190399999999990965e-02 9.934170096021904817e-04 1.368999999999994353e-03
4.000000000000000000e+00 5.764499999999999957e+00 2.214999999999998082e-01 -2.000000000000000000e+00 0.000000000000000000e+00 -5.416000000000000369e+00 2.239999999999997549e-01 -1.999999999999999778e+00 5.865024051687959656e-15 -2.072000000000000064e+00 2.599999999999998979e-01 -1.999999999999999778e+00 1.283079494065687371e-15 3.560209910836755615e-02 4.906224999999992537e-02 3.641029355281215352e-02 5.017600000000006083e-02 4.905404663923181724e-02 6.759999999999999343e-02
4.000000000000000000e+00 7.126500000000000057e+00 4.504999999999999005e-01 -2.000000000000000000e+00 0.000000000000000000e+00 -6.423499999999999766e+00 1.074999999999999289e-01 -2.000000000000000000e+00 0.000000000000000000e+00 -2.456999999999999851e+00 2.390000000000001013e-01 -2.000000000000000000e+00 -2.795498308442183591e-15 1.472711690672152685e-01 2.029502499999999154e-01 8.385811042523992967e-03 1.155624999999998494e-02 4.144994375857331825e-02 5.712099999999994959e-02
4.000000000000000000e+00 3.980999999999999872e+00 7.800000000000006928e-02 -2.000000000000000444e+00 8.510454265303892190e-15 -5.019999999999999574e+00 3.859999999999996767e-01 -1.999999999999999778e+00 -3.498858111942048706e-15 -1.066999999999999948e+00 2.219999999999999751e-01 -2.000000000000000000e+00 0.000000000000000000e+00 4.414864197530841625e-03 6.083999999999980916e-03 1.081191824417010450e-01 1.489960000000000451e-01 3.576301234567898918e-02 4.928400000000000142e-02
4.000000000000000000e+00 4.541999999999999815e+00 8.000000000000007105e-02 -2.000000000000000000e+00 0.000000000000000000e+00 -7.217499999999999361e+00 2.334999999999998188e-01 -2.000000000000000000e+00 -5.722936030665834683e-15 -4.805000000000000382e-01 4.255000000000000449e-01 -2.000000000000000000e+00 2.702170874543878777e-16 4.644170096021954693e-03 6.400000000000012450e-03 3.956415672153645174e-02 5.452225000000009841e-02 1.313793995198902775e-01 1.810502500000000237e-01
4.000000000000000000e+00 3.981499999999999595e+00 2.994999999999998774e-01 -2.000000000000000000e+00 2.259996778053707613e-15 -9.443999999999999062e+00 8.280000000000002913e-01 -1.999999999999999778e+00 -3.227031195110984921e-15 -5.210000000000000187e-01 3.220000000000000084e-01 -2.000000000000000000e+00 3.117553327903405654e-16 6.509112791495204331e-02 8.970025000000003690e-02 4.974951111111126645e-01 6.855840000000016365e-01 7.523845816186557067e-02 1.036840000000000123e-01
4.000000000000000000e+00 4.421499999999999986e+00 3.749999999999964473e-02 -2.000000000000000000e+00 0.000000000000000000e+00 -1.141450000000000031e+01 6.050000000000022027e-02 -2.000000000000000000e+00 4.406427801185252482e-14 -1.500499999999999945e+00 1.185000000000000497e-01 -2.000000000000000000e+00 0.000000000000000000e+00 1.020447530864177768e-03 1.406249999999973493e-03 2.656066186557037943e-03 3.660250000000119137e-03 1.018978086419753716e-02 1.404225000000001479e-02
4.000000000000000000e+00 4.293499999999999872e+00 6.554999999999999716e-01 -2.000000000000000000e+00 0.000000000000000000e+00 -1.227899999999999991e+01 3.309999999999995168e-01 -2.000000000000000000e+00 0.000000000000000000e+00 -2.608999999999999986e+00 2.610000000000001208e-01 -2.000000000000000000e+00 0.000000000000000000e+00 3.117981512345678330e-01 4.296802499999999858e-01 7.950311248285296672e-02 1.095609999999997003e-01 4.943211111111114192e-02 6.812100000000005651e-02
4.000000000000000000e+00 2.264000000000000234e+00 1.100000000000000977e-01 -1.999999999999999778e+00 -6.109328545185020701e-15 -1.004850000000000065e+01 6.725000000000003197e-01 -2.000000000000000000e+00 3.924115919115102673e-15 -1.223999999999999977e+00 5.700000000000000622e-01 -2.000000000000000000e+00 -2.248106754760890691e-16 8.780384087791548789e-03 1.210000000000006383e-02 3.281804612482866479e-01 4.522562500000013586e-01 2.357641975308640558e-01 3.249000000000000221e-01
4.000000000000000000e+00 1.567499999999999893e+00 4.445000000000000062e-01 -2.000000000000000000e+00 7.110783576504336148e-16 -8.606500000000000483e+00 8.814999999999999503e-01 -2.000000000000000000e+00 2.998575638488521109e-15 -5.304999999999999716e-01 1.075000000000000122e-01 -2.000000000000000000e+00 -7.854659984047320021e-16 1.433744200960219983e-01 1.975802500000001238e-01 5.638619344993125448e-01 7.770422499999987132e-01 8.385811042524010314e-03 1.155625000000000922e-02
4.000000000000000000e+00 1.905499999999999972e+00 2.454999999999999405e-01 -2.000000000000000000e+00 -1.348259865519219734e-15 -1.100450000000000017e+01 3.250000000000063949e-02 -2.000000000000000000e+00 0.000000000000000000e+00 -1.017500000000000071e+00 7.414999999999999369e-01 -1.999999999999999778e+00 4.084773902472479500e-16 4.373520198902608458e-02 6.027025000000001131e-02 7.664694787380271768e-04 1.056250000000041748e-03 3.989793830589846713e-01 5.498222499999997348e-01
4.000000000000000000e+00 1.193999999999999950e+00 3.000000000000002665e-02 -2.000000000000000000e+00 0.000000000000000000e+00 -8.682500000000000995e+00 4.125000000000005329e-01 -2.000000000000000000e+00 6.524726682829175906e-15 -1.499000000000000110e+00 2.999999999999991562e-02 -2.000000000000000000e+00 1.116828626750123789e-14 6.530864197530875277e-04 9.000000000000018185e-04 1.234741512345687853e-01 1.701562500000010913e-01 6.530864197530770110e-04 8.999999999999893502e-04
4.000000000000000000e+00 2.237499999999999822e+00 1.344999999999998419e-01 -2.000000000000000000e+00 4.901580113356915781e-15 -1.088349999999999973e+01 1.564999999999994174e-01 -2.000000000000000000e+00 0.000000000000000000e+00 -5.739999999999999547e-01 5.630000000000000560e-01 -2.000000000000000000e+00 -2.333008456449642552e-16 1.312721844993132610e-02 1.809024999999990849e-02 1.777283984910823025e-02 2.449224999999982319e-02 2.300090548696844539e-01 3.169690000000001118e-01
4.000000000000000000e+00 1.647000000000000020e+00 1.619999999999999218e-01 -2.000000000000000000e+00 0.000000000000000000e+00 -8.827500000000000568e+00 6.345000000000000639e-01 -1.999999999999999778e+00 4.237600061353005374e-15 -5.240000000000000213e-01 3.539999999999999813e-01 -2.000000000000000000e+00 0.000000000000000000e+00 1.904399999999997761e-02 2.624399999999997568e-02 2.921402500000009339e-01 4.025902500000011486e-01 9.093575308641972665e-02 1.253159999999999830e-01
4.000000000000000000e+00 1.248499999999999943e+00 2.749999999999996891e-02 -2.000000000000000000e+00 1.213719937643431420e-14 -8.118000000000000327e+00 1.240000000000005542e-01 -2.000000000000000000e+00 0.000000000000000000e+00 -1.585000000000000020e-01 5.005000000000000560e-01 -2.000000000000000000e+00 0.000000000000000000e+00 5.487740054869619331e-04 7.562499999999930389e-04 1.115761865569282751e-02 1.537600000000013609e-02 1.817759015775034515e-01 2.505002500000000909e-01
4.000000000000000000e+00 1.923000000000000043e+00 3.400000000000003020e-02 -2.000000000000000000e+00 0.000000000000000000e+00 -1.006050000000000111e+01 5.635000000000003340e-01 -2.000000000000000000e+00 4.808727543292785087e-15 1.255000000000000115e+00 7.890000000000000346e-01 -2.000000000000000000e+00 -3.955644635867784145e-16 8.388532235939655810e-04 1.156000000000002295e-03 2.304177781207126796e-01 3.175322499999995163e-01 4.517333456790124102e-01 6.225210000000003241e-01
4.000000000000000000e+00 2.081999999999999851e+00 3.720000000000001084e-01 -2.000000000000000000e+00 1.752285147305430818e-15 -1.018799999999999883e+01 5.490000000000003766e-01 -1.999999999999999778e+00 -4.780552204601128601e-15 3.875000000000000666e-01 7.245000000000001439e-01 -2.000000000000000000e+00 -2.189557344151636362e-16 1.004185679012347537e-01 1.383840000000002290e-01 2.187121111111104965e-01 3.014009999999996414e-01 3.808946944444445704e-01 5.249002500000001792e-01
4.000000000000000000e+00 1.719000000000000083e+00 1.330000000000000071e-01 -2.000000000000000000e+00 0.000000000000000000e+00 -8.935500000000001108e+00 4.204999999999996518e-01 -2.000000000000000000e+00 6.346015952063757614e-15 5.230000000000000204e-01 3.170000000000000040e-01 -2.000000000000000000e+00 -4.356547526072100144e-16 1.283605075445816077e-02 1.768900000000000333e-02 1.283098933470511460e-01 1.768202500000003452e-01 7.292000137174214913e-02 1.004890000000000227e-01
4.000000000000000000e+00 1.637999999999999901e+00 1.629999999999999227e-01 -2.000000000000000000e+00 1.902659405153393753e-15 -9.586000000000000298e+00 1.219999999999998863e-01 -2.000000000000000000e+00 0.000000000000000000e+00 7.179999999999999716e-01 1.219999999999999973e-01 -2.000000000000000000e+00 0.000000000000000000e+00 1.927983676268862218e-02 2.656900000000000581e-02 1.080059807956101903e-02 1.488399999999997191e-02 1.080059807956103984e-02 1.488400000000000487e-02
4.000000000000000000e+00 1.815500000000000114e+00 4.650000000000009681e-02 -1.999999999999999778e+00 -7.076536171810357195e-15 -1.034850000000000136e+01 7.350000000000012079e-02 -2.000000000000000000e+00 3.624789454317188405e-14 5.859999999999999654e-01 1.640000000000000069e-01 -2.000000000000000000e+00 4.915964349062260254e-16 1.569040123456805387e-03 2.162250000000017890e-03 3.920151234568024917e-03 5.402250000000129171e-03 1.951712482853223615e-02 2.689600000000001365e-02
4.000000000000000000e+00 1.720499999999999918e+00 1.075000000000000400e-01 -2.000000000000000000e+00 3.054589993796178343e-15 -9.692499999999999005e+00 9.250000000000024869e-02 -2.000000000000000000e+00 -2.876764890175322499e-14 4.314999999999999947e-01 1.035000000000000087e-01 -2.000000000000000000e+00 7.823105927541784555e-16 8.385811042523989497e-03 1.155624999999999014e-02 6.208856310013888269e-03 8.556250000000186970e-03 7.773361111111115433e-03 1.071225000000000822e-02
4.000000000000000000e+00 1.687000000000000055e+00 1.400000000000001243e-02 -2.000000000000000000e+00 0.000000000000000000e+00 -9.431999999999998607e+00 4.600000000000026290e-02 -1.999999999999999556e+00 -5.792154287133770846e-14 2.315000000000000113e-01 2.500000000000002220e-03 -2.000000000000000000e+00 0.000000000000000000e+00 1.422277091906723663e-04 1.960000000000003731e-04 1.535478737997204206e-03 2.115999999999954289e-03 4.535322359396440129e-06 6.250000000000012158e-06
4.000000000000000000e+00 1.574000000000000066e+00 2.800000000000002487e-02 -2.000000000000000000e+00 0.000000000000000000e+00 -9.849499999999999034e+00 5.249999999999932498e-02 -1.999999999999999778e+00 -5.076234337433678078e-14 -9.850000000000000422e-02 9.750000000000000333e-02 -2.000000000000000000e+00 0.000000000000000000e+00 5.689108367626894650e-04 7.840000000000014926e-04 2.000077160493695435e-03 2.756249999999849966e-03 6.898225308641975709e-03 9.506250000000000810e-03
4.000000000000000000e+00 1.903999999999999915e+00 9.599999999999997424e-02 -2.000000000000000000e+00 3.431267726145895660e-15 -9.766999999999999460e+00 1.260000000000003340e-01 -2.000000000000000000e+00 -2.113796842540319085e-14 -3.535000000000000364e-01 1.005000000000000060e-01 -2.000000000000000000e+00 8.544803400520758349e-16 6.687604938271618157e-03 9.216000000000014111e-03 1.152044444444469407e-02 1.587600000000027878e-02 7.329262345679008438e-03 1.010024999999999638e-02
4.000000000000000000e+00 2.052000000000000046e+00 4.220000000000001528e-01 -2.000000000000000000e+00 0.000000000000000000e+00 -9.839500000000001023e+00 7.749999999999968026e-02 -2.000000000000000000e+00 3.435557218040108554e-14 -7.045000000000000151e-01 5.044999999999999485e-01 -2.000000000000000000e+00 -3.242335757179851964e-16 1.292269355281208121e-01 1.780840000000001311e-01 4.358444787379818844e-03 6.006249999999833770e-03 1.846930209190671968e-01 2.545202500000001145e-01
4.000000000000000000e+00 7.449999999999999678e-02 5.150000000000000411e-02 -2.000000000000000000e+00 2.976595725608054648e-16 -9.451499999999999346e+00 5.365000000000001990e-01 -2.000000000000000000e+00 0.000000000000000000e+00 1.508999999999999897e+00 1.664999999999999813e+00 -2.000000000000000000e+00 1.924232312717718105e-16 1.924609396433469904e-03 2.652250000000000094e-03 2.088659262688615514e-01 2.878322500000002337e-01 2.011669444444443400e+00 2.772225000000000161e+00
4.000000000000000000e+00 3.235000000000000098e-01 2.015000000000000124e-01 -2.000000000000000000e+00 0.000000000000000000e+00 -9.841000000000001080e+00 2.060000000000004050e-01 -2.000000000000000000e+00 1.299780133515509840e-14 1.992500000000000160e+00 2.685000000000000719e-01 -2.000000000000000000e+00 -1.165039735818953329e-15 2.946308676268860963e-02 4.060225000000001333e-02 3.079375034293533112e-02 4.243599999999985578e-02 5.231385493827157146e-02 7.209225000000001049e-02
4.000000000000000000e+00 2.105000000000000204e-01 3.295000000000000151e-01 -2.000000000000000000e+00 0.000000000000000000e+00 -9.673500000000000654e+00 1.284999999999998366e-01 -1.999999999999999778e+00 2.074564412962909974e-14 1.602500000000000036e+00 1.025000000000000355e-01 -2.000000000000000000e+00 0.000000000000000000e+00 7.878417318244167189e-02 1.085702500000000209e-01 1.198214026063077267e-02 1.651224999999976670e-02 7.623876886145407837e-03 1.050625000000000864e-02
4.000000000000000000e+00 3.135000000000000009e-01 8.150000000000000300e-02 -2.000000000000000000e+00 4.005598747691349923e-16 -9.692000000000000171e+00 8.000000000000007105e-03 -2.000000000000000444e+00 3.330435941291618588e-13 1.740000000000000213e+00 1.219999999999999973e-01 -1.999999999999999778e+00 -2.686849216555995407e-15 4.819959190672155544e-03 6.642250000000001452e-03 4.644170096020744479e-05 6.399999999998803022e-05 1.080059807956101729e-02 1.488399999999997711e-02
4.000000000000000000e+00 2.239999999999999769e-01 1.939999999999999780e-01 -2.000000000000000000e+00 2.969853859173835169e-16 -9.353500000000000369e+00 7.950000000000034817e-02 -1.999999999999999778e+00 3.344572275253839718e-14 1.121999999999999886e+00 4.909999999999999920e-01 -2.000000000000000000e+00 6.448199356831047388e-16 2.731062277091906437e-02 3.763600000000000279e-02 4.586299382716208829e-03 6.320250000000176421e-03 1.749408079561041440e-01 2.410809999999999620e-01
4.000000000000000000e+00 5.414999999999999813e-01 2.585000000000000075e-01 -2.000000000000000000e+00 3.012796986346703024e-16 -1.016150000000000020e+01 1.545000000000005258e-01 -2.000000000000000000e+00 0.000000000000000000e+00 1.346999999999999975e+00 5.300000000000000266e-01 -2.000000000000000000e+00 0.000000000000000000e+00 4.848967112482854142e-02 6.682225000000004134e-02 1.732148456790134558e-02 2.387025000000016564e-02 2.038355281207132885e-01 2.808999999999999830e-01
4.000000000000000000e+00 1.294999999999999929e+00 9.499999999999997335e-02 -2.000000000000000000e+00 0.000000000000000000e+00 -1.010749999999999993e+01 6.150000000000055422e-02 -2.000000000000000000e+00 0.000000000000000000e+00 1.119499999999999940e+00 1.325000000000000067e-01 -2.000000000000000000e+00 1.211814057924245374e-15 6.549005486968443972e-03 9.024999999999996567e-03 2.744595679012394335e-03 3.782250000000068543e-03 1.273972050754459441e-02 1.755625000000001282e-02
4.000000000000000000e+00 1.632000000000000117e+00 2.719999999999999085e-01 -1.999999999999999778e+00 -1.293048464157797758e-15 -9.642500000000000071e+00 1.035000000000003695e-01 -2.000000000000000000e+00 0.000000000000000000e+00 5.534999999999999920e-01 6.694999999999999840e-01 -2.000000000000000000e+00 2.774723735113926671e-16 5.368660631001372779e-02 7.398400000000000809e-02 7.773361111111164873e-03 1.071225000000007588e-02 3.252589879972564990e-01 4.482302500000002188e-01
4.000000000000000000e+00 1.776000000000000245e+00 2.870000000000000329e-01 -2.000000000000000000e+00 -1.174098540743965800e-15 -9.930500000000000327e+00 2.364999999999994884e-01 -2.000000000000000000e+00 0.000000000000000000e+00 2.134999999999999953e-01 8.249999999999999001e-02 -2.000000000000000000e+00 0.000000000000000000e+00 5.977119478737992486e-02 8.236899999999998390e-02 4.058732544581600266e-02 5.593224999999976688e-02 4.938966049382713559e-03 6.806249999999998933e-03
4.000000000000000000e+00 1.289000000000000146e+00 2.209999999999999742e-01 -2.000000000000000000e+00 -1.526782031173059596e-15 -9.359500000000000597e+00 1.364999999999998437e-01 -2.000000000000000000e+00 0.000000000000000000e+00 3.035000000000000475e-01 5.084999999999999520e-01 -2.000000000000000000e+00 -3.166420771114809008e-16 3.544154869684502246e-02 4.884100000000003022e-02 1.352052160493823901e-02 1.863224999999995440e-02 1.876333611111111188e-01 2.585722500000000590e-01
4.000000000000000000e+00 1.368999999999999995e+00 1.049999999999999822e-01 -2.000000000000000000e+00 0.000000000000000000e+00 -9.553499999999999659e+00 5.250000000000021316e-02 -2.000000000000000000e+00 0.000000000000000000e+00 7.000000000000000666e-02 3.599999999999999728e-02 -2.000000000000000000e+00 -5.083359594290212249e-16 8.000308641975303892e-03 1.102499999999999661e-02 2.000077160493842886e-03 2.756250000000022571e-03 9.404444444444445958e-04 1.296000000000000277e-03
4.000000000000000000e+00 1.257000000000000117e+00 8.199999999999996181e-02 -2.000000000000000000e+00 -4.129410053212305674e-15 -9.673999999999999488e+00 6.700000000000017053e-02 -2.000000000000000000e+00 0.000000000000000000e+00 1.275000000000000022e-01 1.145000000000000046e-01 -2.000000000000000000e+00 -1.444520830168806768e-16 4.879281207133068579e-03 6.724000000000009483e-03 3.257449931412910275e-03 4.489000000000023353e-03 9.513473593964332300e-03 1.311024999999999691e-02
4.000000000000000000e+00 1.176499999999999879e+00 8.150000000000001688e-02 -1.999999999999999778e+00 4.005598747691348543e-15 -9.639499999999999957e+00 2.765000000000004121e-01 -2.000000000000000000e+00 0.000000000000000000e+00 -1.149999999999999634e-02 1.125000000000000028e-01 -2.000000000000000000e+00 0.000000000000000000e+00 4.819959190672170289e-03 6.642250000000017932e-03 5.547769581618671592e-02 7.645225000000022142e-02 9.184027777777777068e-03 1.265625000000000083e-02
4.000000000000000000e+00 1.410499999999999865e+00 1.764999999999999902e-01 -2.000000000000000000e+00 1.814111478834591269e-15 -1.016999999999999993e+01 2.500000000000000000e-01 -2.000000000000000000e+00 0.000000000000000000e+00 -5.299999999999999156e-02 8.899999999999999578e-02 -2.000000000000000000e+00 0.000000000000000000e+00 2.260567935528116565e-02 3.115224999999996816e-02 4.535322359396432024e-02 6.250000000000000000e-02 5.747886145404662930e-03 7.920999999999999222e-03
4.000000000000000000e+00 1.341499999999999915e+00 1.384999999999999565e-01 -2.000000000000000000e+00 2.448568191087469013e-15 -9.550499999999999545e+00 1.550000000000029132e-02 -2.000000000000000000e+00 -1.719598289749830428e-13 1.430000000000000160e-01 2.600000000000000228e-02 -2.000000000000000000e+00 -8.674666050624374460e-16 1.391962997256512326e-02 1.918224999999995975e-02 1.743377914951819714e-04 2.402499999999855923e-04 4.905404663923185670e-04 6.760000000000004937e-04
4.000000000000000000e+00 1.209000000000000075e+00 8.499999999999996447e-02 -2.000000000000000000e+00 0.000000000000000000e+00 -1.018750000000000000e+01 3.115000000000005542e-01 -2.000000000000000000e+00 0.000000000000000000e+00 -2.894999999999999796e-01 6.049999999999998435e-02 -2.000000000000000000e+00 -6.732042474033102043e-16 5.242832647462271518e-03 7.224999999999994447e-03 7.041160528120736506e-02 9.703225000000034739e-02 2.656066186556926487e-03 3.660249999999999442e-03
4.000000000000000000e+00 1.615499999999999936e+00 1.925000000000000044e-01 -1.999999999999999778e+00 1.763096408919483462e-15 -9.419000000000000483e+00 1.769999999999996021e-01 -2.000000000000000000e+00 0.000000000000000000e+00 -6.434999999999999609e-01 3.050000000000002709e-02 -1.999999999999999778e+00 -5.493113953847797563e-15 2.688992626886141379e-02 3.705624999999997116e-02 2.273393827160483105e-02 3.132899999999986390e-02 6.750373799725690018e-04 9.302500000000045325e-04
4.000000000000000000e+00 1.024499999999999966e+00 1.314999999999999503e-01 -2.000000000000000000e+00 0.000000000000000000e+00 -9.713000000000000966e+00 1.930000000000005045e-01 -2.000000000000000000e+00 1.381445702818483795e-14 3.049999999999999933e-02 1.985000000000000098e-01 -2.000000000000000000e+00 0.000000000000000000e+00 1.254814849108366361e-02 1.729224999999998819e-02 2.702979561042508430e-02 3.724899999999990718e-02 2.859230486968450044e-02 3.940225000000000671e-02
4.000000000000000000e+00 1.189000000000000057e+00 1.869999999999999440e-01 -2.000000000000000000e+00 -1.790643823542939144e-15 -1.003249999999999886e+01 1.695000000000002061e-01 -1.999999999999999778e+00 -1.567378281701824929e-14 -2.314999999999999836e-01 1.194999999999999951e-01 -2.000000000000000000e+00 -1.906021573937855362e-16 2.537531001371736220e-02 3.496899999999995151e-02 2.084815123456769045e-02 2.873024999999981149e-02 1.036248593964334344e-02 1.428024999999999954e-02
4.000000000000000000e+00 1.393000000000000016e+00 5.699999999999993960e-02 -2.000000000000000000e+00 0.000000000000000000e+00 -9.887999999999999901e+00 2.899999999999991473e-02 -2.000000000000000000e+00 0.000000000000000000e+00 -1.900000000000000022e-01 1.719999999999999862e-01 -1.999999999999999778e+00 2.556855463557071470e-16 2.357641975308636100e-03 3.248999999999993213e-03 6.102729766803803709e-04 8.409999999999950718e-04 2.146767626886144503e-02 2.958400000000000266e-02
4.000000000000000000e+00 9.859999999999999876e-01 5.899999999999994138e-02 -2.000000000000000000e+00 0.000000000000000000e+00 -9.657500000000000639e+00 3.049999999999997158e-02 -2.000000000000000000e+00 0.000000000000000000e+00 -4.294999999999999929e-01 1.065000000000000113e-01 -1.999999999999999778e+00 -8.078002054406480323e-16 2.525993141289431792e-03 3.480999999999993648e-03 6.750373799725636892e-04 9.302499999999982441e-04 8.230521604938277613e-03 1.134225000000000684e-02
4.000000000000000000e+00 1.172000000000000153e+00 1.980000000000000648e-01 -2.000000000000000000e+00 -1.731954137180940982e-15 -9.649000000000000909e+00 6.200000000000027711e-02 -2.000000000000000000e+00 4.298995724374760347e-14 -1.500000000000001332e-03 1.804999999999999938e-01 -2.000000000000000000e+00 0.000000000000000000e+00 2.844844444444442205e-02 3.920399999999998886e-02 2.789404663923113203e-03 3.843999999999941214e-03 2.364190980795610048e-02 3.258024999999999810e-02
4.000000000000000000e+00 1.274500000000000188e+00 1.985000000000000098e-01 -1.999999999999999778e+00 -1.774347624928905058e-15 -9.637999999999999901e+00 4.199999999999981526e-02 -2.000000000000000000e+00 0.000000000000000000e+00 -3.044999999999999929e-01 1.015000000000000069e-01 -2.000000000000000000e+00 -8.294727697590602262e-16 2.859230486968453167e-02 3.940225000000004835e-02 1.280049382716038015e-03 1.763999999999984547e-03 7.475843964334698277e-03 1.030224999999999891e-02
4.000000000000000000e+00 1.239999999999999991e+00 2.310000000000000941e-01 -2.000000000000000000e+00 0.000000000000000000e+00 -1.003699999999999903e+01 1.899999999999923972e-02 -2.000000000000000000e+00 -1.402253844011332937e-13 -4.100000000000000311e-01 1.110000000000000153e-01 -2.000000000000000000e+00 7.134833556982502677e-16 3.872149382716051635e-02 5.336100000000004728e-02 2.619602194787457169e-04 3.609999999999998843e-04 8.940753086419757703e-03 1.232100000000001076e-02
4.000000000000000000e+00 1.428500000000000103e+00 3.349999999999997424e-02 -2.000000000000000000e+00 -9.913307070135436263e-15 -9.835499999999999687e+00 1.065000000000004832e-01 -2.000000000000000000e+00 0.000000000000000000e+00 -3.005000000000000449e-01 2.525000000000000022e-01 -2.000000000000000000e+00 4.310286118814428521e-16 8.143624828532158594e-04 1.122249999999991961e-03 8.230521604938345268e-03 1.134225000000010225e-02 4.626482338820302881e-02 6.375625000000001430e-02
3.000000000000000000e+00 4.304999999999998828e-01 2.530499999999999972e+00 -2.000000000000000000e+00 0.000000000000000000e+00 1.171799999999999997e+01 2.050000000000000711e-01 -2.000000000000000000e+00 0.000000000000000000e+00 5.291000000000000369e+00 1.558999999999999719e+00 -2.000000000000000000e+00 -8.790086300342865664e-16 4.646659262345678165e+00 6.403430250000000434e+00 3.049550754458163135e-02 4.202500000000003455e-02 1.763682371742112842e+00 2.430480999999999892e+00
3.000000000000000000e+00 1.584000000000000075e+00 7.570000000000001172e-01 -2.000000000000000000e+00 0.000000000000000000e+00 9.643499999999999517e+00 2.050000000000018474e-02 -2.000000000000000000e+00 0.000000000000000000e+00 9.550000000000000155e-02 1.164999999999999925e-01 -2.000000000000000000e+00 -2.057092173261895734e-16 4.158339108367627435e-01 5.730490000000002526e-01 3.049550754458216109e-04 4.202500000000075858e-04 9.848724622770917841e-03 1.357225000000000098e-02
3.000000000000000000e+00 1.344500000000000028e+00 8.499999999999952038e-03 -2.000000000000000000e+00 0.000000000000000000e+00 1.023349999999999937e+01 2.865000000000001990e-01 -2.000000000000000000e+00 0.000000000000000000e+00 8.109999999999999432e-01 2.230000000000000315e-01 -2.000000000000000000e+00 7.039279028564081112e-16 5.242832647462217796e-05 7.224999999999919475e-05 5.956311419753092251e-02 8.208225000000012039e-02 3.608592729766801899e-02 4.972900000000000237e-02
3.000000000000000000e+00 -2.983500000000000263e+00 1.115000000000001545e-01 -1.999999999999999778e+00 5.944280068565202050e-15 8.756499999999999062e+00 9.005000000000000782e-01 -2.000000000000000000e+00 2.964788310862343408e-15 -3.300000000000000155e-01 4.640000000000000235e-01 -2.000000000000000000e+00 0.000000000000000000e+00 9.021481824417075870e-03 1.243225000000007692e-02 5.884310456104239195e-01 8.109002499999987679e-01 1.562298820301782909e-01 2.152959999999999874e-01
3.000000000000000000e+00 1.959999999999999964e+00 6.190000000000001057e-01 -1.999999999999999778e+00 5.266120654407652972e-16 9.435000000000000497e+00 1.125000000000000000e+00 -2.000000000000000000e+00 0.000000000000000000e+00 1.097999999999999865e+00 7.799999999999995826e-02 -2.000000000000000000e+00 4.226668561291884344e-15 2.780413840877914433e-01 3.831609999999999738e-01 9.184027777777775681e-01 1.265625000000000000e+00 4.414864197530872850e-03 6.084000000000008672e-03
3.000000000000000000e+00 -6.549500000000000099e+00 1.469500000000000028e+00 -2.000000000000000000e+00 0.000000000000000000e+00 2.014999999999999680e+00 1.046999999999999931e+00 -2.000000000000000000e+00 5.803920234832746704e-16 -4.528000000000000469e+00 1.640000000000001457e-01 -2.000000000000000000e+00 8.160500819443332242e-15 1.566993967421124401e+00 2.159430250000000218e+00 7.954657901234561956e-01 1.096208999999999323e+00 1.951712482853214595e-02 2.689599999999991997e-02
3.000000000000000000e+00 -7.185999999999999943e+00 1.422000000000000153e+00 -2.000000000000000000e+00 -1.003886903604146318e-15 -8.807500000000000995e+00 3.555000000000001492e-01 -1.999999999999999778e+00 7.567762811785096006e-15 5.280999999999999694e+00 5.640000000000000568e-01 -2.000000000000000000e+00 0.000000000000000000e+00 1.467328444444443658e+00 2.022083999999999548e+00 9.170802777777728454e-02 1.263802499999995832e-01 2.308268641975308455e-01 3.180960000000000454e-01
3.000000000000000000e+00 -1.183549999999999969e+01 1.226499999999999702e+00 -2.000000000000000000e+00 0.000000000000000000e+00 -1.614649999999999963e+01 3.937500000000000000e+00 -2.000000000000000000e+00 0.000000000000000000e+00 8.559000000000001052e+00 2.004000000000000448e+00 -2.000000000000000000e+00 -1.324305891933436121e-15 1.091599300754457547e+00 1.504302249999999175e+00 1.125043402777777501e+01 1.550390625000000178e+01 2.914228345679009902e+00 4.016015999999999586e+00
3.000000000000000000e+00 3.376000000000000334e+00 7.021000000000000796e+00 -1.999999999999999778e+00 -2.463624592859998002e-16 -1.755949999999999989e+01 1.124749999999999872e+01 -2.000000000000000000e+00 0.000000000000000000e+00 1.094899999999999984e+01 2.349999999999999645e+00 -2.000000000000000000e+00 0.000000000000000000e+00 3.577058887379970997e+01 4.929444100000000617e+01 9.179946441186552875e+01 1.265062562499999927e+02 4.007410836762686834e+00 5.522499999999999076e+00
3.000000000000000000e+00 7.684000000000000163e+00 3.809999999999999609e+00 -2.000000000000000000e+00 -1.927110136684237405e-16 1.290499999999999936e+01 1.057999999999999829e+00 -2.000000000000000000e+00 0.000000000000000000e+00 1.783500000000000085e+00 4.114999999999998659e-01 -2.000000000000000000e+00 -7.966557874556660971e-16 1.053363086419753003e+01 1.451610000000000511e+01 8.122682524005483407e-01 1.119363999999999804e+00 1.228762143347050390e-01 1.693322499999999620e-01
3.000000000000000000e+00 9.979999999999999982e-01 2.330000000000000404e-01 -2.000000000000000000e+00 7.542671301960279428e-16 8.901500000000000412e+00 6.850000000000022737e-02 -2.000000000000000000e+00 0.000000000000000000e+00 -1.879000000000000004e+00 6.979999999999999538e-01 -2.000000000000000000e+00 0.000000000000000000e+00 3.939489849108366443e-02 5.428900000000000392e-02 3.404938614540488091e-03 4.692250000000032333e-03 3.535403511659807041e-01 4.872039999999999149e-01
3.000000000000000000e+00 1.128500000000000059e+00 7.450000000000001066e-02 -2.000000000000000000e+00 0.000000000000000000e+00 9.384499999999999176e+00 9.850000000000047606e-02 -1.999999999999999778e+00 2.700091854788995684e-14 -1.927999999999999936e+00 1.000000000000000888e-03 -2.000000000000000444e+00 -3.330435941291618588e-13 4.027547668038408690e-03 5.550250000000002230e-03 7.040453017832863127e-03 9.702250000000241931e-03 7.256515775032413248e-07 9.999999999998129722e-07
3.000000000000000000e+00 1.891000000000000014e+00 1.829999999999999405e-01 -2.000000000000000000e+00 -1.839883578744518381e-15 1.033200000000000074e+01 4.359999999999999432e-01 -2.000000000000000000e+00 0.000000000000000000e+00 -8.249999999999999001e-02 2.634999999999999565e-01 -2.000000000000000000e+00 0.000000000000000000e+00 2.430134567901229281e-02 3.348899999999994243e-02 1.379434622770918384e-01 1.900959999999999595e-01 5.038362174211245825e-02 6.943224999999997316e-02
3.000000000000000000e+00 3.185000000000000053e+00 5.849999999999999645e-01 -2.000000000000000000e+00 0.000000000000000000e+00 1.148750000000000071e+01 4.294999999999999929e-01 -2.000000000000000000e+00 -6.218119890861734471e-15 4.639999999999999680e-01 5.090000000000000080e-01 -2.000000000000000000e+00 0.000000000000000000e+00 2.483361111111109798e-01 3.422250000000000014e-01 1.338611279149526101e-01 1.844702500000006407e-01 1.880025363511659553e-01 2.590810000000000057e-01
3.000000000000000000e+00 -4.739999999999999769e-01 2.369999999999999885e-01 -2.000000000000000000e+00 0.000000000000000000e+00 7.663499999999999979e+00 2.749999999999985789e-02 -2.000000000000000000e+00 0.000000000000000000e+00 -8.529999999999999805e-01 1.479999999999999649e-01 -2.000000000000000000e+00 1.204003162740798473e-15 4.075912345679011395e-02 5.616900000000001059e-02 5.487740054869626920e-04 7.562499999999921715e-04 1.589467215363511710e-02 2.190400000000001027e-02
3.000000000000000000e+00 -1.085499999999999909e+00 9.344999999999999973e-01 -1.999999999999999778e+00 -2.720835643628435300e-16 8.346500000000000696e+00 4.215000000000004299e-01 -2.000000000000000000e+00 -3.150477826325552428e-15 -1.819999999999999840e+00 6.899999999999999467e-01 -2.000000000000000000e+00 0.000000000000000000e+00 6.337044475308639679e-01 8.732902500000000456e-01 1.289208919753085658e-01 1.776622500000000493e-01 3.454827160493825766e-01 4.760999999999999677e-01
3.000000000000000000e+00 -5.735500000000000043e+00 9.714999999999998082e-01 -2.000000000000000000e+00 0.000000000000000000e+00 6.999499999999999389e+00 4.384999999999998899e-01 -2.000000000000000000e+00 3.044971121313903108e-15 -2.378000000000000114e+00 2.999999999999892076e-03 -2.000000000000000000e+00 2.220520399920367551e-13 6.848788480795606759e-01 9.438122499999996862e-01 1.395299180384083348e-01 1.922822499999995716e-01 6.530864197529256733e-06 8.999999999998214683e-06
3.000000000000000000e+00 -7.692999999999999616e+00 4.009999999999998010e-01 -2.000000000000000000e+00 0.000000000000000000e+00 -4.185000000000000497e+00 2.281000000000000139e+00 -1.999999999999999778e+00 5.987070166478580185e-16 -2.656000000000000139e+00 8.199999999999999512e-01 -1.999999999999999778e+00 3.020368496063854252e-16 1.166854993141288183e-01 1.608009999999998330e-01 3.775536857338819274e+00 5.202960999999998393e+00 4.879281207133058240e-01 6.724000000000002197e-01
3.000000000000000000e+00 -3.964999999999999858e+00 7.949999999999999289e-01 -2.000000000000000000e+00 0.000000000000000000e+00 -1.112549999999999883e+01 5.050000000000043343e-02 -2.000000000000000000e+00 -5.272102894350521438e-14 -9.569999999999999618e-01 6.479999999999999094e-01 -2.000000000000000000e+00 -2.040117665903655632e-16 4.586299382716046424e-01 6.320249999999999480e-01 1.850592935528228532e-03 2.550250000000120129e-03 3.047039999999999194e-01 4.199039999999998884e-01
3.000000000000000000e+00 -2.629500000000000171e+00 2.954999999999998739e-01 -2.000000000000000000e+00 2.285792046382253950e-15 -1.110599999999999987e+01 4.960000000000004405e-01 -2.000000000000000000e+00 0.000000000000000000e+00 6.029999999999999361e+00 3.930000000000002380e-01 -1.999999999999999778e+00 3.372365300245818198e-15 6.336407716049387295e-02 8.732025000000004367e-02 1.785218984910839912e-01 2.460160000000004288e-01 1.120761604938275563e-01 1.544490000000005026e-01
3.000000000000000000e+00 1.747500000000000053e+00 8.254999999999999005e-01 -2.000000000000000000e+00 -2.960399049298726240e-16 -1.923850000000000193e+01 2.537499999999999645e+00 -2.000000000000000000e+00 2.174413097557192021e-15 5.832499999999999574e+00 9.585000000000003517e-01 -2.000000000000000000e+00 1.323802440008815609e-15 4.944954489026061606e-01 6.814502500000001461e-01 4.672402477709196589e+00 6.438906250000004938e+00 6.666722499999996332e-01 9.187222499999999625e-01
3.000000000000000000e+00 -7.083000000000000185e+00 3.557999999999999829e+00 -2.000000000000000000e+00 2.366266370775384848e-16 -2.129000000000000004e+00 2.359999999999999876e+00 -2.000000000000000000e+00 0.000000000000000000e+00 1.979500000000000037e+00 2.818500000000000227e+00 -2.000000000000000000e+00 0.000000000000000000e+00 9.186287456790118711e+00 1.265936400000000184e+01 4.041589026063098444e+00 5.569599999999999440e+00 5.764534225308642235e+00 7.943942250000001870e+00
3.000000000000000000e+00 -7.993499999999999162e+00 1.158499999999999641e+00 -1.999999999999999778e+00 -1.213866809632503155e-15 -1.842500000000000027e+00 1.405000000000000693e-01 -2.000000000000000000e+00 0.000000000000000000e+00 1.576999999999999957e+00 1.200000000000001066e-02 -2.000000000000000000e+00 0.000000000000000000e+00 9.739131279149517706e-01 1.342122250000000294e+00 1.432454355281207944e-02 1.974025000000002514e-02 1.044938271604939795e-04 1.440000000000002747e-04
3.000000000000000000e+00 -8.740999999999999659e+00 7.849999999999996980e-01 -2.000000000000000000e+00 -1.721323599321982804e-15 -1.308999999999999941e+00 2.379999999999999893e-01 -2.000000000000000000e+00 0.000000000000000000e+00 1.322999999999999954e+00 1.300000000000000044e-01 -1.999999999999999778e+00 2.566158988131371586e-15 4.471646433470509718e-01 6.162250000000001338e-01 4.110380795610425048e-02 5.664399999999999297e-02 1.226351165980793002e-02 1.689999999999997754e-02
3.000000000000000000e+00 -9.536500000000000199e+00 1.775000000000002132e-01 -2.000000000000000000e+00 0.000000000000000000e+00 -1.555000000000000160e+00 2.329999999999999849e-01 -1.999999999999999778e+00 1.439964521283327211e-15 1.018499999999999961e+00 2.504999999999999449e-01 -2.000000000000000000e+00 0.000000000000000000e+00 2.286256001371747559e-02 3.150625000000007586e-02 3.939489849108362279e-02 5.428899999999995535e-02 4.553481790123454359e-02 6.275024999999997966e-02
3.000000000000000000e+00 -9.423500000000000654e+00 2.649999999999952394e-02 -2.000000000000000000e+00 1.005900341050453467e-13 -2.030499999999999972e+00 2.425000000000000488e-01 -1.999999999999999778e+00 -1.398919961825241975e-15 9.425000000000001155e-01 2.705000000000000182e-01 -1.999999999999999778e+00 -6.135168394853591115e-16 5.095888203017247134e-04 7.022499999999346973e-04 4.267284807956100989e-02 5.880624999999998354e-02 5.309610733882032252e-02 7.317025000000002000e-02
3.000000000000000000e+00 -9.891000000000000014e+00 4.550000000000000711e-01 -2.000000000000000000e+00 0.000000000000000000e+00 3.176499999999999879e+00 2.044999999999999041e-01 -2.000000000000000000e+00 0.000000000000000000e+00 -9.475000000000000089e-01 7.824999999999999734e-01 -2.000000000000000000e+00 0.000000000000000000e+00 1.502280178326474702e-01 2.070250000000000978e-01 3.034693038408775231e-02 4.182024999999996856e-02 4.443209962277089864e-01 6.123062500000000519e-01
3.000000000000000000e+00 -8.817999999999999616e+00 2.249999999999996447e-01 -2.000000000000000000e+00 0.000000000000000000e+00 1.038499999999999979e+00 5.825000000000000178e-01 -2.000000000000000000e+00 0.000000000000000000e+00 -3.405000000000000249e-01 5.815000000000000169e-01 -2.000000000000000000e+00 0.000000000000000000e+00 3.673611111111099031e-02 5.062499999999984374e-02 2.462181155692728940e-01 3.393062500000000870e-01 2.453734571330589975e-01 3.381422500000000331e-01
3.000000000000000000e+00 -9.201999999999999957e+00 1.989999999999998437e-01 -2.000000000000000000e+00 0.000000000000000000e+00 -2.584999999999999964e+00 3.980000000000001315e-01 -2.000000000000000000e+00 0.000000000000000000e+00 1.118000000000000105e+00 3.270000000000000129e-01 -1.999999999999999778e+00 -4.961203002308877626e-16 2.873652812071325613e-02 3.960099999999994180e-02 1.149461124828532882e-01 1.584040000000001003e-01 7.759319753086417470e-02 1.069289999999999824e-01
3.000000000000000000e+00 -7.677500000000000213e+00 2.574999999999998401e-01 -2.000000000000000000e+00 5.181657839138510511e-15 -2.371500000000000163e+00 4.985000000000000542e-01 -2.000000000000000000e+00 6.721651710029628001e-16 4.949999999999999956e-01 2.169999999999999707e-01 -2.000000000000000000e+00 0.000000000000000000e+00 4.811523491083687792e-02 6.630625000000010816e-02 1.803260497256516659e-01 2.485022500000001744e-01 3.417020713305896767e-02 4.708899999999999197e-02
3.000000000000000000e+00 -6.665499999999999758e+00 1.750000000000007105e-02 -2.000000000000000000e+00 0.000000000000000000e+00 -6.059499999999999886e+00 9.775000000000000355e-01 -2.000000000000000000e+00 0.000000000000000000e+00 -5.200000000000004619e-02 1.431000000000000050e+00 -2.000000000000000000e+00 0.000000000000000000e+00 2.222307956104270326e-04 3.062500000000024296e-04 6.933646176268861705e-01 9.555062500000001124e-01 1.485960999999999643e+00 2.047761000000000386e+00
3.000000000000000000e+00 -3.677499999999999769e+00 1.784499999999999975e+00 -2.000000000000000000e+00 -1.562969704076762889e-16 -9.925000000000000711e+00 6.909999999999998366e-01 -2.000000000000000000e+00 3.869669977393910070e-15 1.237999999999999989e+00 2.530000000000000582e-01 -2.000000000000000000e+00 6.427172300350818524e-16 2.310794090877913654e+00 3.184440249999999750e+00 3.464848408779157007e-01 4.774810000000009325e-01 4.644823182441704806e-02 6.400900000000006584e-02
3.000000000000000000e+00 -2.234499999999999709e+00 2.544999999999999485e-01 -2.000000000000000000e+00 -2.525678908389022034e-15 -1.243550000000000111e+01 1.106499999999999595e+00 -1.999999999999999778e+00 2.294637075296684555e-15 2.758999999999999897e+00 8.469999999999999751e-01 -2.000000000000000000e+00 0.000000000000000000e+00 4.700063408779156515e-02 6.477025000000007082e-02 8.884458851165989435e-01 1.224342250000000742e+00 5.205889725651575706e-01 7.174089999999999634e-01
3.000000000000000000e+00 1.975000000000000089e-01 1.312500000000000000e+00 -2.000000000000000000e+00 0.000000000000000000e+00 -1.642750000000000199e+01 2.611500000000000377e+00 -2.000000000000000000e+00 1.097116652730570413e-15 3.044999999999999929e+00 8.299999999999996270e-02 -2.000000000000000000e+00 8.058698839014177871e-15 1.250048225308642014e+00 1.722656249999999778e+00 4.948894595679008468e+00 6.819932249999999030e+00 4.999013717421087882e-03 6.888999999999962862e-03
3.000000000000000000e+00 -3.708000000000000185e+00 3.320000000000000728e-01 -1.999999999999999778e+00 1.990972654344675499e-15 -1.330999999999999961e+00 2.816000000000000281e+00 -2.000000000000000000e+00 -2.386456462962904443e-16 2.334999999999999964e+00 1.205999999999999961e+00 -2.000000000000000000e+00 0.000000000000000000e+00 7.998421947873790572e-02 1.102239999999999193e-01 5.754312515775032111e+00 7.929856000000000016e+00 1.055413777777777451e+00 1.454436000000000062e+00
3.000000000000000000e+00 -7.510500000000000398e+00 6.434999999999999609e-01 -2.000000000000000000e+00 1.979056466618258712e-15 -3.790000000000000036e-01 1.296000000000000041e+00 -2.000000000000000000e+00 0.000000000000000000e+00 4.360000000000000542e-01 6.840000000000000524e-01 -2.000000000000000000e+00 0.000000000000000000e+00 3.004866944444448684e-01 4.140922500000004391e-01 1.218815999999999899e+00 1.679615999999999998e+00 3.395004444444443825e-01 4.678560000000001606e-01
3.000000000000000000e+00 -9.357499999999999929e+00 1.394999999999999574e-01 -2.000000000000000000e+00 0.000000000000000000e+00 -1.633999999999999897e+00 4.759999999999999787e-01 -2.000000000000000000e+00 0.000000000000000000e+00 8.585000000000000409e-01 4.500000000000003997e-03 -2.000000000000000000e+00 -3.703590561554286128e-14 1.412136111111110016e-02 1.946024999999998797e-02 1.644152318244170019e-01 2.265759999999999719e-01 1.469444444444404023e-05 2.024999999999961130e-05
3.000000000000000000e+00 -9.105499999999999261e+00 3.035000000000005471e-01 -2.000000000000000000e+00 -8.749299479683298076e-15 -1.620999999999999996e+00 1.599999999999999201e-01 -2.000000000000000000e+00 0.000000000000000000e+00 5.895000000000000240e-01 1.304999999999999771e-01 -1.999999999999999778e+00 -6.829780933441377250e-16 6.684139951989002959e-02 9.211224999999988172e-02 1.857668038408777020e-02 2.559999999999997694e-02 1.235802777777777681e-02 1.703025000000000025e-02
3.000000000000000000e+00 -9.810999999999999943e+00 1.430000000000006821e-01 -2.000000000000000000e+00 0.000000000000000000e+00 -1.096000000000000085e+00 4.720000000000000306e-01 -2.000000000000000000e+00 3.959273486403810133e-16 2.829999999999999738e-01 7.900000000000000078e-02 -1.999999999999999778e+00 5.497547721810568680e-16 1.483884910836776733e-02 2.044900000000019619e-02 1.616635610425240510e-01 2.227840000000000931e-01 4.528791495198903477e-03 6.241000000000002622e-03
3.000000000000000000e+00 -9.330500000000000682e+00 4.485000000000001208e-01 -2.000000000000000000e+00 5.922344004864584904e-15 8.309999999999999609e-01 1.759999999999999343e-01 -2.000000000000000000e+00 0.000000000000000000e+00 -5.350000000000000311e-01 4.670000000000000262e-01 -2.000000000000000000e+00 1.362603816825195658e-16 1.459664475308635467e-01 2.011522499999994495e-01 2.247778326474620531e-02 3.097599999999998271e-02 1.582566268861453074e-01 2.180890000000000328e-01
3.000000000000000000e+00 -9.260500000000000398e+00 1.794999999999999929e-01 -2.000000000000000000e+00 1.484711580663753849e-14 1.995999999999999996e+00 1.739999999999999325e-01 -2.000000000000000000e+00 0.000000000000000000e+00 6.189999999999999947e-01 5.680000000000000604e-01 -2.000000000000000000e+00 3.029250770402430614e-16 2.338067524005458739e-02 3.222024999999973521e-02 2.196982716049380308e-02 3.027599999999998001e-02 2.341126145404662795e-01 3.226239999999999664e-01
3.000000000000000000e+00 -9.681000000000000938e+00 6.200000000000027711e-02 -2.000000000000000000e+00 4.298995724374760347e-14 3.088999999999999968e+00 5.129999999999999005e-01 -2.000000000000000000e+00 0.000000000000000000e+00 -1.765000000000000180e-01 1.655000000000000082e-01 -2.000000000000000000e+00 0.000000000000000000e+00 2.789404663923300554e-03 3.844000000000127697e-03 1.909689999999998888e-01 2.631689999999999863e-01 1.987577812071330760e-02 2.739025000000000140e-02
3.000000000000000000e+00 -9.518000000000000682e+00 1.779999999999999361e-01 -1.999999999999999778e+00 1.491804756394877810e-14 2.247500000000000053e+00 5.750000000000010658e-02 -2.000000000000000000e+00 0.000000000000000000e+00 3.109999999999999987e-01 3.019999999999999907e-01 -2.000000000000000000e+00 0.000000000000000000e+00 2.299154458161836376e-02 3.168399999999971239e-02 2.399185528120721493e-03 3.306250000000012738e-03 6.618232647462275742e-02 9.120400000000000729e-02
3.000000000000000000e+00 -9.316500000000001336e+00 1.825000000000001066e-01 -1.999999999999999778e+00 1.455498712289768490e-14 -2.195000000000000007e-01 2.474999999999999978e-01 -2.000000000000000000e+00 -1.716310680458018117e-16 -4.349999999999999700e-02 1.049999999999999892e-02 -1.999999999999999778e+00 -1.006085997170641181e-15 2.416873285322389611e-02 3.330625000000031477e-02 4.445069444444444545e-02 6.125625000000001902e-02 8.000308641975312132e-05 1.102500000000000371e-04
3.000000000000000000e+00 -8.551000000000000156e+00 3.109999999999999432e-01 -2.000000000000000000e+00 0.000000000000000000e+00 8.485000000000000320e-01 3.305000000000000160e-01 -2.000000000000000000e+00 0.000000000000000000e+00 8.790000000000000036e-01 3.469999999999999751e-01 -2.000000000000000000e+00 0.000000000000000000e+00 7.018574622770915039e-02 9.672099999999997366e-02 7.926310322359395033e-02 1.092302500000000287e-01 8.737498079561040187e-02 1.204089999999999744e-01
3.000000000000000000e+00 -7.929499999999999993e+00 1.565000000000003055e-01 -2.000000000000000000e+00 0.000000000000000000e+00 -1.508500000000000174e+00 1.584999999999999742e-01 -1.999999999999999778e+00 2.069360074884248222e-15 -2.254999999999999782e-01 1.204999999999999821e-01 -2.000000000000000000e+00 -1.858961464651641805e-16 1.777283984910843495e-02 2.449225000000009728e-02 1.823000034293548524e-02 2.512224999999996752e-02 1.053664231824416771e-02 1.452025000000000017e-02
3.000000000000000000e+00 -9.678000000000000824e+00 1.069999999999999396e+00 -2.000000000000000000e+00 2.537563554055199350e-15 -5.937999999999999723e+00 2.277999999999999581e+00 -2.000000000000000000e+00 0.000000000000000000e+00 -9.700000000000000844e-01 1.092999999999999972e+00 -2.000000000000000000e+00 0.000000000000000000e+00 8.307984910836734294e-01 1.144899999999997142e+00 3.765612120713303757e+00 5.189283999999998009e+00 8.668989314128944246e-01 1.194648999999999628e+00
3.000000000000000000e+00 -4.774499999999999744e+00 4.645000000000001350e-01 -2.000000000000000000e+00 0.000000000000000000e+00 -9.664500000000000313e+00 1.132500000000000284e+00 -2.000000000000000000e+00 0.000000000000000000e+00 4.134999999999999787e-01 6.145000000000000462e-01 -2.000000000000000000e+00 0.000000000000000000e+00 1.565667657750343666e-01 2.157602500000001811e-01 9.306889660493831151e-01 1.282556250000000508e+00 2.740134735939642741e-01 3.776102500000001472e-01
3.000000000000000000e+00 -4.789999999999999147e+00 9.699999999999996125e-02 -1.999999999999999778e+00 -1.372072482938313064e-14 -1.336100000000000065e+01 7.450000000000001066e-01 -1.999999999999999778e+00 3.490476865302828361e-15 1.496499999999999941e+00 2.638499999999999623e+00 -2.000000000000000000e+00 0.000000000000000000e+00 6.827655692729688898e-03 9.408999999999922634e-03 4.027547668038398143e-01 5.550249999999989914e-01 5.051755706790121536e+00 6.961682249999996408e+00
3.000000000000000000e+00 -3.974999999999999645e+00 9.309999999999998277e-01 -2.000000000000000000e+00 -7.567002480984227872e-16 -1.152399999999999913e+01 7.748999999999999666e+00 -2.000000000000000000e+00 -3.664919694320444113e-16 8.180000000000000604e-01 1.070000000000000395e-01 -2.000000000000000000e+00 -1.504554283584621801e-15 6.289664869684491455e-01 8.667609999999994486e-01 4.357320099999997609e+01 6.004700099999998741e+01 8.307984910836757608e-03 1.144899999999999737e-02
2.000000000000000000e+00 4.759000000000000341e+00 2.999999999999669598e-03 -2.000000000000000000e+00 -4.441040799841722125e-13 3.271500000000000075e+00 1.924999999999998934e-01 -2.000000000000000000e+00 0.000000000000000000e+00 8.398499999999998522e+00 1.185000000000000497e-01 -2.000000000000000000e+00 2.247886179584762775e-14 6.530864197531694494e-06 9.000000000000288219e-06 2.688992626886141726e-02 3.705624999999995728e-02 1.018978086419735675e-02 1.404224999999982917e-02
2.000000000000000000e+00 5.929999999999999716e+00 3.699999999999992184e-02 -2.000000000000000000e+00 0.000000000000000000e+00 3.780499999999999972e+00 2.450000000000018829e-02 -2.000000000000000000e+00 0.000000000000000000e+00 7.737499999999999822e+00 1.215000000000001634e-01 -2.000000000000000000e+00 0.000000000000000000e+00 9.934170096021904817e-04 1.368999999999994353e-03 4.355723593964400814e-04 6.002500000000091963e-04 1.071225000000002557e-02 1.476225000000004443e-02
2.000000000000000000e+00 4.657999999999999474e+00 1.519999999999996909e-01 -2.000000000000000000e+00 8.767945656080433371e-15 4.318999999999999950e+00 5.510000000000001563e-01 -2.000000000000000000e+00 0.000000000000000000e+00 5.091499999999999915e+00 1.944499999999999895e+00 -2.000000000000000000e+00 -3.624078774127279666e-16 1.676545404663904240e-02 2.310399999999979484e-02 2.203085445816187482e-01 3.036010000000001208e-01 2.743746848079561040e+00 3.781080250000000031e+00
2.000000000000000000e+00 1.016199999999999903e+01 2.139999999999995239e-01 -2.000000000000000000e+00 1.247895023443725160e-14 -1.158999999999999986e+01 3.770000000000006679e-01 -2.000000000000000000e+00 0.000000000000000000e+00 -1.657999999999999918e+00 2.678999999999999826e+00 -2.000000000000000000e+00 0.000000000000000000e+00 3.323193964334657247e-02 4.579599999999948295e-02 1.031361330589852521e-01 1.421290000000005049e-01 5.208031123456787981e+00 7.177041000000000892e+00
2.000000000000000000e+00 2.520299999999999940e+01 3.949999999999995737e-01 -2.000000000000000000e+00 0.000000000000000000e+00 1.073300000000000054e+01 2.761999999999999567e+00 -2.000000000000000000e+00 -1.011673643606099212e-15 6.769500000000000739e+00 1.425499999999999989e+00 -2.000000000000000000e+00 -8.432012577814413582e-16 1.132197873799722920e-01 1.560249999999996917e-01 5.535737552812063811e+00 7.628643999999994207e+00 1.474560469478736424e+00 2.032050249999998837e+00
2.000000000000000000e+00 1.659299999999999997e+01 2.318999999999999950e+00 -1.999999999999999778e+00 -1.139509508744892265e-15 -9.881000000000000227e+00 4.859999999999999432e+00 -1.999999999999999778e+00 2.475947247271517811e-16 -1.719999999999999973e+00 9.850000000000000977e-01 -2.000000000000000000e+00 -1.742580289477292486e-16 3.902380753086422960e+00 5.377761000000002234e+00 1.713959999999999084e+01 2.361960000000000193e+01 7.040453017832646321e-01 9.702250000000001151e-01
2.000000000000000000e+00 -2.778500000000000192e+00 9.303499999999999659e+00 -2.000000000000000000e+00 0.000000000000000000e+00 -8.859999999999999432e+00 4.360000000000000320e+00 -2.000000000000000000e+00 -6.001071151592816958e-16 -2.056499999999999773e+00 1.358500000000000041e+00 -2.000000000000000000e+00 -5.313889847369655014e-16 6.280885374519889552e+01 8.655511224999999342e+01 1.379434622770919461e+01 1.900960000000001315e+01 1.339206132030178686e+00 1.845522250000001030e+00
2.000000000000000000e+00 2.525900000000000034e+01 2.100999999999999091e+00 -2.000000000000000000e+00 0.000000000000000000e+00 5.366999999999999993e+00 4.083999999999999631e+00 -2.000000000000000000e+00 3.129350857735082523e-16 2.785499999999999865e+00 5.015000000000000568e-01 -2.000000000000000000e+00 0.000000000000000000e+00 3.203171919067212325e+00 4.414200999999997599e+00 1.210318329766803913e+01 1.667905600000000277e+01 1.825030044581618660e-01 2.515022500000000383e-01
2.000000000000000000e+00 1.488150000000000084e+01 5.622500000000000497e+00 -2.000000000000000000e+00 0.000000000000000000e+00 -3.273499999999999854e+00 4.492499999999999716e+00 -2.000000000000000000e+00 0.000000000000000000e+00 -9.494999999999997886e-01 3.403500000000000192e+00 -2.000000000000000000e+00 0.000000000000000000e+00 2.293966502914951633e+01 3.161250625000000625e+01 1.464550378086419435e+01 2.018255624999999398e+01 8.405811632716048365e+00 1.158381225000000292e+01
2.000000000000000000e+00 -1.234999999999999876e+00 2.274000000000000021e+00 -2.000000000000000000e+00 0.000000000000000000e+00 -2.160000000000000142e+00 1.622999999999999998e+00 -1.999999999999999778e+00 4.155034680112485883e-16 -6.185499999999999332e+00 5.049999999999998934e-02 -1.999999999999999778e+00 -2.641313026910211622e-14 3.752399456790122212e+00 5.171076000000001116e+00 1.911459864197530889e+00 2.634129000000001053e+00 1.850592935528157625e-03 2.550250000000037296e-03
2.000000000000000000e+00 1.693650000000000233e+01 2.046499999999999986e+00 -1.999999999999999778e+00 -2.694252644647827904e-15 2.794500000000000206e+00 2.275500000000000078e+00 -2.000000000000000000e+00 0.000000000000000000e+00 4.633000000000000007e+00 5.129999999999999005e-01 -2.000000000000000000e+00 0.000000000000000000e+00 3.039146543552817104e+00 4.188162250000006637e+00 3.757351484567900801e+00 5.177900250000001314e+00 1.909689999999998888e-01 2.631689999999999863e-01
2.000000000000000000e+00 2.384450000000000003e+01 6.984999999999992326e-01 -2.000000000000000000e+00 0.000000000000000000e+00 1.521550000000000047e+01 6.047500000000001208e+00 -2.000000000000000000e+00 0.000000000000000000e+00 1.176099999999999923e+01 3.707999999999999297e+00 -2.000000000000000000e+00 7.665380487711283416e-16 3.540470373799717851e-01 4.879022499999989271e-01 2.653871544067215993e+01 3.657225625000001656e+01 9.977175111111098005e+00 1.374926399999998949e+01
2.000000000000000000e+00 3.975999999999999979e+00 4.165000000000000036e+00 -2.000000000000000000e+00 0.000000000000000000e+00 -4.751500000000000057e+00 2.781500000000000306e+00 -2.000000000000000000e+00 0.000000000000000000e+00 -4.150500000000000078e+00 2.524999999999997247e-01 -2.000000000000000000e+00 2.586171671288666678e-15 1.258804118655692506e+01 1.734722500000000522e+01 5.614179218449931064e+00 7.736742250000002485e+00 4.626482338820300799e-02 6.375624999999997267e-02
2.000000000000000000e+00 1.247749999999999915e+01 6.145000000000004903e-01 -2.000000000000000000e+00 4.306129412555799415e-15 -2.908999999999999808e+00 3.049999999999999822e+00 -2.000000000000000000e+00 0.000000000000000000e+00 3.149000000000000021e+00 2.921999999999999709e+00 -2.000000000000000000e+00 -2.848062850505726554e-16 2.740134735939656618e-01 3.776102500000015350e-01 6.750373799725648993e+00 9.302500000000000213e+00 6.195674123456788251e+00 8.538083999999997786e+00
2.000000000000000000e+00 1.733200000000000074e+01 5.349999999999999645e+00 -1.999999999999999778e+00 -1.020825566888490087e-15 1.041249999999999964e+01 4.196499999999999453e+00 -2.000000000000000000e+00 3.845816096055047478e-16 9.677999999999999048e+00 3.133999999999999897e+00 -2.000000000000000444e+00 4.039534076491625674e-16 2.076996227709188148e+01 2.862249999999998451e+01 1.277916856001371748e+01 1.761061225000000263e+01 7.127317865569273714e+00 9.821956000000003684e+00
2.000000000000000000e+00 8.446999999999999176e+00 6.690000000000000391e-01 -2.000000000000000000e+00 2.039363142431734242e-15 1.880499999999999838e+00 3.714500000000000135e+00 -2.000000000000000000e+00 0.000000000000000000e+00 1.384500000000000064e+00 1.954499999999999904e+00 -2.000000000000000000e+00 0.000000000000000000e+00 3.247733456790117268e-01 4.475609999999995980e-01 1.001218507853223549e+01 1.379751025000000020e+01 2.772040003086419180e+00 3.820070250000001000e+00
2.000000000000000000e+00 3.553500000000000103e+00 9.014999999999999680e-01 -2.000000000000000000e+00 0.000000000000000000e+00 -2.134999999999999787e+00 9.469999999999999529e-01 -2.000000000000000000e+00 -3.268137358535127871e-16 2.079999999999999627e-01 3.699999999999999956e-01 -2.000000000000000000e+00 0.000000000000000000e+00 5.897386697530861976e-01 8.127022500000000704e-01 6.507708655692728827e-01 8.968090000000000783e-01 9.934170096021946450e-02 1.368999999999999939e-01
2.000000000000000000e+00 1.508799999999999919e+01 1.253999999999999559e+00 -2.000000000000000000e+00 0.000000000000000000e+00 2.819999999999999840e+00 2.423999999999999932e+00 -2.000000000000000000e+00 0.000000000000000000e+00 3.008499999999999730e+00 2.349499999999999922e+00 -2.000000000000000000e+00 0.000000000000000000e+00 1.141098716049381734e+00 1.572515999999998693e+00 4.263766123456788293e+00 5.875776000000000110e+00 4.005705736968447894e+00 5.520150250000001257e+00
2.000000000000000000e+00 1.858849999999999980e+01 4.732500000000000817e+00 -2.000000000000000000e+00 5.363006494394886286e-16 8.639499999999999957e+00 2.371499999999999719e+00 -1.999999999999999778e+00 -5.993401045567693035e-16 2.421499999999999986e+00 3.066500000000000448e+00 -2.000000000000000000e+00 1.848087629921256647e-16 1.625209637345678360e+01 2.239655625000000327e+01 4.081073361111110742e+00 5.624012250000002489e+00 6.823608189643344701e+00 9.403422250000001981e+00
2.000000000000000000e+00 6.514000000000000234e+00 2.052999999999999936e+00 -2.000000000000000000e+00 0.000000000000000000e+00 -4.078999999999999737e+00 2.239999999999999769e+00 -2.000000000000000000e+00 -3.160939278383394916e-16 -3.630499999999999616e+00 4.134999999999997566e-01 -1.999999999999999778e+00 -1.570303823496699917e-15 3.058482799725650292e+00 4.214808999999999806e+00 3.641029355281205415e+00 5.017599999999999838e+00 1.240735394375857142e-01 1.709822499999999745e-01
2.000000000000000000e+00 4.711999999999999744e+00 3.682999999999999829e+00 -2.000000000000000000e+00 0.000000000000000000e+00 -3.552500000000000213e+00 3.335000000000001297e-01 -1.999999999999999778e+00 1.964228605432565788e-15 -1.809499999999999886e+00 4.814999999999999281e-01 -1.999999999999999778e+00 -6.215862125355664848e-16 9.843092840877913474e+00 1.356448900000000002e+01 8.070860116598072009e-02 1.112222499999999531e-01 1.682366944444442514e-01 2.318422499999998332e-01
2.000000000000000000e+00 2.062250000000000227e+01 4.503500000000000725e+00 -1.999999999999999778e+00 -1.166892803913907353e-15 8.644500000000000739e+00 3.126500000000000501e+00 -2.000000000000000444e+00 -4.068674559858700982e-16 3.045500000000000096e+00 6.964999999999998970e-01 -2.000000000000000000e+00 0.000000000000000000e+00 1.471731135836761695e+01 2.028151224999999158e+01 7.093245802812068845e+00 9.775002250000001780e+00 3.520224694787378317e-01 4.851122499999998006e-01
2.000000000000000000e+00 1.216450000000000031e+01 1.851499999999999702e+00 -2.000000000000000000e+00 0.000000000000000000e+00 3.617999999999999883e+00 2.830999999999999961e+00 -2.000000000000000000e+00 0.000000000000000000e+00 -2.706500000000000128e+00 1.681499999999999995e+00 -1.999999999999999778e+00 3.736281568669229079e-16 2.487571522976679272e+00 3.428052249999999024e+00 5.815778832647461982e+00 8.014560999999998714e+00 2.051737929012344530e+00 2.827442249999999824e+00
2.000000000000000000e+00 -4.756499999999999950e+00 3.185500000000000220e+00 -2.000000000000000000e+00 0.000000000000000000e+00 -2.466499999999999915e+00 2.970499999999999918e+00 -2.000000000000000000e+00 -2.710825321339178524e-16 -2.650500000000000078e+00 6.205000000000000515e-01 -2.000000000000000000e+00 1.103693503570185619e-15 7.363484255486969055e+00 1.014741025000000185e+01 6.403055366598077391e+00 8.823870250000000581e+00 2.793905517832644958e-01 3.850202499999998418e-01
2.000000000000000000e+00 1.335650000000000048e+01 2.514499999999999957e+00 -2.000000000000000000e+00 0.000000000000000000e+00 8.274999999999999023e-01 3.063500000000000334e+00 -2.000000000000000000e+00 0.000000000000000000e+00 -1.989500000000000046e+00 2.125000000000000222e-01 -2.000000000000000000e+00 1.536640864533088317e-15 4.588084667009600714e+00 6.322710250000000087e+00 6.810263457133058473e+00 9.385032250000003629e+00 3.276770404663927050e-02 4.515625000000005745e-02
2.000000000000000000e+00 2.037399999999999878e+01 6.862999999999999545e+00 -2.000000000000000000e+00 0.000000000000000000e+00 1.080450000000000088e+01 1.040500000000000647e+00 -1.999999999999999556e+00 -2.562461353270877621e-15 8.499999999999996447e-02 1.116999999999999993e+00 -2.000000000000000000e+00 0.000000000000000000e+00 3.417874732647460689e+01 4.710076899999999966e+01 7.856196052812094432e-01 1.082640250000002746e+00 9.053874910836759993e-01 1.247689000000000048e+00
2.000000000000000000e+00 1.331149999999999878e+01 4.849999999999976552e-02 -2.000000000000000000e+00 5.500169347190021952e-14 -4.739500000000000490e+00 3.307500000000000551e+00 -1.999999999999999778e+00 1.963770108861101926e-16 -2.343500000000000139e+00 2.229500000000000259e+00 -2.000000000000000000e+00 0.000000000000000000e+00 1.706913923182498335e-03 2.352250000000050915e-03 7.938306250000000119e+00 1.093955625000000076e+01 3.606974708161866161e+00 4.970670250000000401e+00
2.000000000000000000e+00 5.346500000000000696e+00 1.281499999999999861e+00 -2.000000000000000000e+00 -1.055077578472417617e-15 -4.259999999999999787e+00 2.739999999999997993e-01 -2.000000000000000000e+00 -2.445550105495410220e-15 -1.688500000000000112e+00 1.480499999999999927e+00 -1.999999999999999778e+00 2.737001160954622167e-16 1.191695679355279758e+00 1.642242249999998904e+00 5.447901783264726128e-02 7.507599999999980955e-02 1.590541361111111218e+00 2.191880250000000530e+00
2.000000000000000000e+00 1.901200000000000045e+01 2.833000000000000185e+00 -2.000000000000000000e+00 -1.953127062215537530e-15 9.711500000000000909e+00 2.794500000000000206e+00 -1.999999999999999778e+00 -9.767853034357920667e-16 2.810999999999999943e+00 8.780000000000000027e-01 -2.000000000000000000e+00 4.100782077554999450e-16 5.823999013717412687e+00 8.025888999999992279e+00 5.666780249999994190e+00 7.809230249999997930e+00 5.593931906721534286e-01 7.708839999999999026e-01
2.000000000000000000e+00 7.672499999999999432e+00 4.257500000000000284e+00 -2.000000000000000000e+00 3.682868609772388564e-16 3.786999999999999922e+00 2.469999999999999751e+00 -2.000000000000000000e+00 0.000000000000000000e+00 -6.185000000000000497e-01 2.625000000000000111e-01 -1.999999999999999778e+00 5.754314348559281659e-16 1.315338272462276414e+01 1.812630624999999540e+01 4.427127709190671112e+00 6.100899999999998435e+00 5.000192901234565279e-02 6.890624999999998834e-02
2.000000000000000000e+00 6.083000000000000185e+00 3.300000000000000711e-01 -2.000000000000000000e+00 0.000000000000000000e+00 -1.769500000000000073e+00 1.342500000000000027e+00 -2.000000000000000000e+00 0.000000000000000000e+00 3.731999999999999762e+00 9.609999999999998543e-01 -2.000000000000000000e+00 0.000000000000000000e+00 7.902345679012347246e-02 1.089000000000000523e-01 1.307846373456789779e+00 1.802306250000000443e+00 6.701544705075441755e-01 9.235209999999998143e-01
2.000000000000000000e+00 4.568999999999999950e+00 3.369999999999997442e-01 -2.000000000000000000e+00 0.000000000000000000e+00 5.230000000000000204e-01 4.219999999999999862e-01 -2.000000000000000000e+00 -4.616606924132206315e-16 1.195599999999999952e+01 1.062000000000000277e+00 -1.999999999999999778e+00 2.502651882763889165e-15 8.241152400548683310e-02 1.135689999999998229e-01 1.292269355281207288e-01 1.780840000000000201e-01 8.184217777777796909e-01 1.127844000000002067e+00
2.000000000000000000e+00 5.160999999999999588e+00 4.579999999999997407e-01 -2.000000000000000000e+00 2.889041660337618072e-15 8.379999999999999671e-01 6.650000000000000355e-01 -2.000000000000000000e+00 -1.887623164347337326e-16 1.467650000000000077e+01 1.109499999999999709e+00 -2.000000000000000000e+00 -2.438650510221118701e-15 1.522155775034294833e-01 2.097640000000001448e-01 3.209012688614540365e-01 4.422250000000000902e-01 8.932700168038384403e-01 1.230990249999997843e+00
2.000000000000000000e+00 3.239500000000000046e+00 2.075000000000000178e-01 -2.000000000000000000e+00 0.000000000000000000e+00 -6.165000000000000480e-01 1.394500000000000073e+00 -2.000000000000000000e+00 0.000000000000000000e+00 6.245000000000000107e+00 2.447999999999999954e+00 -1.999999999999999778e+00 -2.421731371371895338e-16 3.124383573388203258e-02 4.305625000000000424e-02 1.411124008573388044e+00 1.944630250000000338e+00 4.348615111111110210e+00 5.992703999999999809e+00
2.000000000000000000e+00 3.460500000000000131e+00 9.784999999999999254e-01 -2.000000000000000000e+00 0.000000000000000000e+00 3.205000000000000071e-01 3.738500000000000156e+00 -2.000000000000000000e+00 0.000000000000000000e+00 1.382500000000000062e+00 1.415499999999999980e+00 -2.000000000000000000e+00 0.000000000000000000e+00 6.947839921124826512e-01 9.574622499999999592e-01 1.014198382750342553e+01 1.397638224999999856e+01 1.453944708161865496e+00 2.003640249999999678e+00
2.000000000000000000e+00 1.123199999999999932e+01 1.850000000000000533e+00 -2.000000000000000000e+00 1.472903623769775629e-15 4.039500000000000313e+00 1.858499999999999819e+00 -2.000000000000000000e+00 -6.918031335574518206e-16 8.948000000000000398e+00 4.853000000000000647e+00 -1.999999999999999778e+00 -2.486676677734266658e-16 2.483542524005490471e+00 3.422500000000005205e+00 2.506416694444442150e+00 3.454022249999998628e+00 1.709026222359395675e+01 2.355160900000000268e+01
2.000000000000000000e+00 1.246349999999999980e+01 3.550499999999999545e+00 -2.000000000000000000e+00 0.000000000000000000e+00 9.154500000000000526e+00 1.305500000000000327e+00 -2.000000000000000000e+00 0.000000000000000000e+00 5.030499999999999972e+00 1.734499999999999931e+00 -1.999999999999999778e+00 -3.404139115721684068e-16 9.147600249999996436e+00 1.260605024999999735e+01 1.236749934499314696e+00 1.704330250000000824e+00 2.183115695816186808e+00 3.008490250000000366e+00
2.000000000000000000e+00 3.708499999999999908e+00 4.557500000000000107e+00 -2.000000000000000000e+00 0.000000000000000000e+00 -3.395500000000000185e+00 2.737499999999999822e+00 -2.000000000000000000e+00 1.731800356002585652e-16 -2.446499999999999897e+00 5.254999999999999671e-01 -2.000000000000000000e+00 -6.694222169576645710e-16 1.507236832133058790e+01 2.077080625000000325e+01 5.437964891975307857e+00 7.493906250000002878e+00 2.003888645404664215e-01 2.761502500000000970e-01
2.000000000000000000e+00 1.136350000000000016e+01 2.095499999999999474e+00 -2.000000000000000000e+00 0.000000000000000000e+00 -5.645500000000000185e+00 2.234500000000000153e+00 -2.000000000000000444e+00 3.980422240183277328e-16 4.689999999999999725e-01 2.690000000000000169e-01 -2.000000000000000000e+00 3.564785536986836026e-16 3.186423336419751173e+00 4.391120249999997505e+00 3.623171251371742230e+00 4.992990250000000074e+00 5.250887379972563052e-02 7.236099999999999477e-02
2.000000000000000000e+00 2.312650000000000006e+01 4.873499999999999943e+00 -2.000000000000000000e+00 0.000000000000000000e+00 1.399399999999999977e+01 1.407000000000000028e+00 -2.000000000000000000e+00 0.000000000000000000e+00 4.066000000000000725e+00 1.826000000000000068e+00 -1.999999999999999778e+00 -7.294035984576397891e-16 1.723495224999999564e+01 2.375100225000000620e+01 1.436535419753085963e+00 1.979649000000000436e+00 2.419522639231822758e+00 3.334275999999999129e+00
2.000000000000000000e+00 8.846499999999998920e+00 6.964999999999994529e-01 -2.000000000000000000e+00 3.778719961997096049e-15 -1.608000000000000096e+00 2.290999999999999925e+00 -2.000000000000000000e+00 2.954506437300237060e-16 -1.760499999999999954e+00 6.674999999999999822e-01 -2.000000000000000000e+00 0.000000000000000000e+00 3.520224694787362774e-01 4.851122499999983018e-01 3.808713647462275365e+00 5.248681000000001262e+00 3.233185956790122773e-01 4.455562499999999870e-01
2.000000000000000000e+00 -2.447000000000000064e+00 3.983000000000000096e+00 -2.000000000000000000e+00 1.686749319517193480e-16 -2.385000000000000231e+00 1.483999999999999986e+00 -2.000000000000000000e+00 2.717681224319904961e-16 -2.039499999999999869e+00 1.215500000000000025e+00 -2.000000000000000000e+00 0.000000000000000000e+00 1.151194633882029983e+01 1.586428900000000475e+01 1.598070540466391742e+00 2.202256000000000213e+00 1.072106848079561026e+00 1.477440249999999899e+00
2.000000000000000000e+00 1.461250000000000071e+01 1.672500000000000320e+00 -2.000000000000000000e+00 -1.613692435611436969e-15 3.303999999999999826e+00 3.520000000000000018e+00 -2.000000000000000000e+00 0.000000000000000000e+00 -7.769999999999999130e-01 4.799999999999999822e-01 -2.000000000000000000e+00 -1.882295438342889862e-16 2.029833410493830037e+00 2.797256250000003774e+00 8.991113305898489116e+00 1.239039999999999964e+01 1.671901234567900185e-01 2.303999999999999382e-01
2.000000000000000000e+00 2.518099999999999739e+01 7.685000000000000497e+00 -2.000000000000000000e+00 6.262079539335461865e-16 7.694499999999999673e+00 4.817499999999999893e+00 -2.000000000000000000e+00 2.542055482350290430e-16 1.229999999999999982e+00 2.234999999999999876e+00 -2.000000000000000000e+00 0.000000000000000000e+00 4.285641978737994862e+01 5.905922499999998365e+01 1.684114404149519117e+01 2.320830625000000325e+01 3.624792901234566322e+00 4.995225000000000470e+00
2.000000000000000000e+00 1.504499999999999726e+00 3.188499999999999446e+00 -1.999999999999999778e+00 3.287927244539263388e-16 -7.182999999999999829e+00 1.733999999999999986e+00 -2.000000000000000000e+00 0.000000000000000000e+00 -3.073999999999999844e+00 5.469999999999999307e-01 -2.000000000000000000e+00 -1.271889912424466826e-15 7.377360164951983990e+00 1.016653224999999772e+01 2.181857234567900594e+00 3.006756000000000206e+00 2.171214828532233021e-01 2.992089999999996697e-01
2.000000000000000000e+00 1.535750000000000171e+01 4.370500000000000718e+00 -2.000000000000000000e+00 -5.957922780270330878e-16 -7.736000000000000654e+00 2.462000000000000188e+00 -2.000000000000000000e+00 5.356468810457707218e-16 -2.262500000000000178e+00 3.545000000000000373e-01 -2.000000000000000000e+00 1.791180567538648214e-15 1.386086688923181676e+01 1.910127025000000600e+01 4.398496400548697949e+00 6.061444000000003385e+00 9.119281515775019831e-02 1.256702499999999001e-01
2.000000000000000000e+00 2.352149999999999963e+01 6.381499999999999062e+00 -2.000000000000000000e+00 0.000000000000000000e+00 8.988500000000000156e+00 3.312500000000000000e+00 -2.000000000000000000e+00 0.000000000000000000e+00 2.469999999999999973e-01 4.619999999999999662e-01 -2.000000000000000000e+00 0.000000000000000000e+00 2.955110267524003476e+01 4.072354224999999417e+01 7.962325317215362297e+00 1.097265625000000000e+01 1.548859753086418989e-01 2.134439999999999948e-01
2.000000000000000000e+00 1.564899999999999913e+01 1.340999999999999304e+00 -2.000000000000000000e+00 0.000000000000000000e+00 -1.497500000000000053e+00 4.321500000000000341e+00 -2.000000000000000000e+00 0.000000000000000000e+00 -1.792499999999999982e+00 2.595000000000000639e-01 -2.000000000000000000e+00 0.000000000000000000e+00 1.304925444444442695e+00 1.798280999999998020e+00 1.355180607716049224e+01 1.867536225000000272e+01 4.886555864197531657e-02 6.734025000000003203e-02
2.000000000000000000e+00 -5.940500000000000114e+00 1.318500000000000227e+00 -2.000000000000000000e+00 0.000000000000000000e+00 -4.864499999999999602e+00 2.622500000000000053e+00 -2.000000000000000000e+00 -4.924404575977399522e-16 -2.171499999999999986e+00 6.554999999999999716e-01 -2.000000000000000000e+00 0.000000000000000000e+00 1.261503361111111277e+00 1.738442250000000300e+00 4.990673259602191436e+00 6.877506249999999710e+00 3.117981512345678330e-01 4.296802499999999858e-01
2.000000000000000000e+00 2.018449999999999989e+01 1.066500000000001336e+00 -2.000000000000000000e+00 0.000000000000000000e+00 -3.269499999999999851e+00 4.936499999999999666e+00 -2.000000000000000000e+00 0.000000000000000000e+00 5.549999999999999378e-02 2.001500000000000057e+00 -2.000000000000000000e+00 0.000000000000000000e+00 8.253722500000019169e-01 1.137422250000003077e+00 1.768342669444444226e+01 2.436903224999999651e+01 2.906961852194787088e+00 4.006002249999999876e+00
